0.0000000000000000,0.0000000000000000,0.0000000000000000;0.0000000000000000,5.2026000000000003,0.0000000000000000
0.0000000000000000,4.7054287386737094E-006,0.0000000000000000;0.22643343554676956,5.1976741976221899,0.0000000000000000
2.0479543013795067E-007,1.8817265807645412E-005,0.0000000000000000;0.45243809898875353,5.1829061326807739,0.0000000000000000
1.0235907115510649E-006,4.2317705908854870E-005,0.0000000000000000;0.67758603156393249,5.1583238037147545,0.0000000000000000
2.8644299891238984E-006,7.5171154817394706E-005,0.0000000000000000;0.90145089808424284,5.1239738042933167,0.0000000000000000
6.1334245138612232E-006,1.1732429635477844E-004,0.0000000000000000;1.1236087941468369,5.0799212349633569,0.0000000000000000
1.1233983626024421E-005,1.6870619287596273E-004,0.0000000000000000;1.3436390487820682,5.0262495802026042,0.0000000000000000
1.8566050789884110E-005,2.2922841908652367E-004,0.0000000000000000;1.5611250210242884,4.9630605506062402,0.0000000000000000
2.8525346122052821E-005,2.9878522894378291E-004,0.0000000000000000;1.7756548889025063,4.8904738906001910,0.0000000000000000
4.1502616843786773E-005,3.7725375533347754E-004,0.0000000000000000;1.9868224293617138,4.8086271520390262,0.0000000000000000
5.7882897073401076E-005,4.6449424215188072E-004,0.0000000000000000;2.1942277876422187,4.7176754341105278,0.0000000000000000
7.8044778358048669E-005,5.6035030836222230E-004,0.0000000000000000;2.3974782346635992,4.6177910900324237,0.0000000000000000
1.0235969232459548E-004,6.6464924353394411E-004,0.0000000000000000;2.5961889109819012,4.5091634010892960,0.0000000000000000
1.3119120680721267E-004,7.7720233431386137E-004,0.0000000000000000;2.7899835559133717,4.3919982186192890,0.0000000000000000
1.6489433678463676E-004,8.9780522121980875E-004,0.0000000000000000;2.9784952204453501,4.2665175746207096,0.0000000000000000
2.0381487143285900E-004,1.0262382850899259E-003,0.0000000000000000;3.1613669625848582,4.1329592617079323,0.0000000000000000
2.4828871856934172E-004,1.1622670624645037E-003,0.0000000000000000;3.3382525238278884,3.9915763832040083,0.0000000000000000
2.9864126773276932E-004,1.3056426891223636E-003,0.0000000000000000;3.5088169854673588,3.8426368742139392,0.0000000000000000
3.5518677310788176E-004,1.4561023709401969E-003,0.0000000000000000;3.6727374034950819,3.6864229945776499,0.0000000000000000
4.1822775746816184E-004,1.6133698811912327E-003,0.0000000000000000;3.8297034208928564,3.5232307946550954,0.0000000000000000
4.8805443827012465E-004,1.7771560833491633E-003,0.0000000000000000;3.9794178561498477,3.3533695549476334,0.0000000000000000
5.6494417699174781E-004,1.9471594784144890E-003,0.0000000000000000;4.1215972668877043,3.1771612006096563,0.0000000000000000
6.4916095276426221E-004,2.1230667757334972E-003,0.0000000000000000;4.2559724875212872,2.9949396919523932,0.0000000000000000
7.4095486130116867E-004,2.3045534862350140E-003,0.0000000000000000;4.3822891399313875,2.8070503920877163,0.0000000000000000
8.4056164008103589E-004,2.4912845369669664E-003,0.0000000000000000;4.5003081161762823,2.6138494129035656,0.0000000000000000
9.4820222069145533E-004,2.6829149057737709E-003,0.0000000000000000;4.6098060323213552,2.4157029406042128,0.0000000000000000
1.0640823091905677E-003,2.8790902749166697E-003,0.0000000000000000;4.7105756525201512,2.2129865420878936,0.0000000000000000
1.1883919952899228E-003,3.0794477024024772E-003,0.0000000000000000;4.8024262825361257,2.0060844534712952,0.0000000000000000
1.3213053911081906E-003,3.2836163097518440E-003,0.0000000000000000;4.8851841319517764,1.7953888521048944,0.0000000000000000
1.4629803001895037E-003,3.4912179849061562E-003,0.0000000000000000;4.9586926443708146,1.5812991134551553,0.0000000000000000
1.6135579174230772E-003,3.7018680989426428E-003,0.0000000000000000;5.0228127949793651,1.3642210542590287,0.0000000000000000
1.7731625604423427E-003,3.9151762352402173E-003,0.0000000000000000;5.0774233548937655,1.1445661633829913,0.0000000000000000
1.9419014330222389E-003,4.1307469297141037E-003,0.0000000000000000;5.1224211217853330,0.92275082184296897,0.0000000000000000
2.1198644209326507E-003,4.3481804207154287E-003,0.0000000000000000;5.1577211163362247,0.69919551346284692,0.0000000000000000
2.3071239206443853E-003,4.5670734071727483E-003,0.0000000000000000;5.1832567441452779,0.47432402766783732,0.0000000000000000
2.5037347012216399E-003,4.7870198135359920E-003,0.0000000000000000;5.1989799227682010,0.24856265592470664,0.0000000000000000
2.7097337996717739E-003,5.0076115600695562E-003,0.0000000000000000;5.2048611736426960,2.2339383353726483E-002,0.0000000000000000
2.9251404499594600E-003,5.2284393370302887E-003,0.0000000000000000;5.2008896787158294,-0.20391692295282801,0.0000000000000000
3.1499560458280872E-003,5.4490933812579604E-003,0.0000000000000000;5.1870733016581116,-0.42977732736377738,0.0000000000000000
3.3841641375067406E-003,5.6691642537004643E-003,0.0000000000000000;5.1634385736162125,-0.65481363934779402,0.0000000000000000
3.6277304623163276E-003,5.8882436163934949E-003,0.0000000000000000;5.1300306435238392,-0.87859922577075233,0.0000000000000000
3.8806030091235581E-003,6.1059250074148230E-003,0.0000000000000000;5.0869131930579297,-1.1007098203064556,0.0000000000000000
4.1427121165266813E-003,6.3218046123364839E-003,0.0000000000000000;5.0341683163948661,-1.3207243284203400,0.0000000000000000
4.4139706045922215E-003,6.5354820307043076E-003,0.0000000000000000;4.9718963649887025,-1.5382256263935452,0.0000000000000000
4.6942739398976099E-003,6.7465610360831164E-003,0.0000000000000000;4.9002157576603267,-1.7528013528654811,0.0000000000000000
4.9835004335706638E-003,6.9546503282177123E-003,0.0000000000000000;4.8192627563529262,-1.9640446913867133,0.0000000000000000
5.2815114719534893E-003,7.1593642758743534E-003,0.0000000000000000;4.7291912079749139,-2.1715551424905937,0.0000000000000000
5.5881517794556567E-003,7.3603236489448182E-003,0.0000000000000000;4.6301722528165250,-2.3749392838115693,0.0000000000000000
5.9032497130996064E-003,7.5571563384153016E-003,0.0000000000000000;4.5223940000904435,-2.5738115168004603,0.0000000000000000
6.2266175882002431E-003,7.7494980628252733E-003,0.0000000000000000;4.4060611712099575,-2.7677947986121847,0.0000000000000000
6.5580520345607431E-003,7.9369930598670122E-003,0.0000000000000000;4.2813947114801296,-2.9565213577693563,0.0000000000000000
6.8973343825078368E-003,8.1192947618047243E-003,0.0000000000000000;4.1486313709381983,-3.1396333922358695,0.0000000000000000
7.2442310780323422E-003,8.2960664534229688E-003,0.0000000000000000;4.0080232551387658,-3.3167837485679237,0.0000000000000000
7.5984941262446475E-003,8.4669819112474232E-003,0.0000000000000000;3.8598373467371387,-3.4876365808458929,0.0000000000000000
7.9598615623002900E-003,8.6317260228168345E-003,0.0000000000000000;3.7043549987804134,-3.6518679881289215,0.0000000000000000
8.3280579488978369E-003,8.7899953848231648E-003,0.0000000000000000;3.5418714006703360,-3.8091666292150803,0.0000000000000000
8.7027948994000837E-003,8.9414988789774420E-003,0.0000000000000000;3.3726950178145985,-3.9592343135332295,0.0000000000000000
9.0837716255802257E-003,9.0859582245015856E-003,0.0000000000000000;3.1971470060338856,-4.1017865670383733,0.0000000000000000
9.4706755089472468E-003,9.2231085061913586E-003,0.0000000000000000;3.0155606018405892,-4.2365531720301064,0.0000000000000000
9.8631826945593647E-003,9.3526986770425397E-003,0.0000000000000000;2.8282804897515526,-4.3632786798637113,0.0000000000000000
1.0260958706191150E-002,9.4744920344813893E-003,0.0000000000000000;2.6356621478414084,-4.4817228955754196,0.0000000000000000
1.0663659081678843E-002,9.5882666692912281E-003,0.0000000000000000;2.4380711727849271,-4.5916613334972318,0.0000000000000000
1.1070930027229706E-002,9.6938158863795684E-003,0.0000000000000000;2.2358825856762317,-4.6928856429923718,0.0000000000000000
1.1482409089444801E-002,9.7909485965844475E-003,0.0000000000000000;2.0294801199496666,-4.7852040034998273,0.0000000000000000
1.1897725843770732E-002,9.8794896787744273E-003,0.0000000000000000;1.8192554927614648,-4.8684414881354003,0.0000000000000000
1.2316502598064411E-002,9.9592803115539676E-003,0.0000000000000000;1.6056076612230630,-4.9424403951571048,0.0000000000000000
1.2738355109926106E-002,1.0030178273944413E-002,0.0000000000000000;1.3889420649059234,-5.0070605466645270,0.0000000000000000
1.3162893316429823E-002,1.0092058214470678E-002,0.0000000000000000;1.1696698560639498,-5.0621795539647545,0.0000000000000000
1.3589722074856531E-002,1.0144811888144515E-002,0.0000000000000000;0.94820711904300059,-5.1076930491015560,0.0000000000000000
1.4018441913014955E-002,1.0188348360897118E-002,0.0000000000000000;0.72497408036755795,-5.1435148821095593,0.0000000000000000
1.4448649787716657E-002,1.0222594181076509E-002,0.0000000000000000;0.50039431101225351,-5.1695772836210399,0.0000000000000000
1.4879939849956872E-002,1.0247493517688510E-002,0.0000000000000000;0.27489392238066368,-5.1858309925195467,0.0000000000000000
1.5311904215340179E-002,1.0263008265124081E-002,0.0000000000000000;4.8900757525529387E-002,-5.1922453484017348,0.0000000000000000
1.5744133738280552E-002,1.0269118114180319E-002,0.0000000000000000;-0.17715642084668812,-5.1888083486763721,0.0000000000000000
1.6176218788498672E-002,1.0265820589247064E-002,0.0000000000000000;-0.40284874403825066,-5.1755266701974012,0.0000000000000000
1.6607750028335526E-002,1.0253131051596158E-002,0.0000000000000000;-0.62774805113817667,-5.1524256553959846,0.0000000000000000
1.7038319189400464E-002,1.0231082668775331E-002,0.0000000000000000;-0.85142770136472745,-5.1195492629445596,0.0000000000000000
1.7467519847073794E-002,1.0199726350173766E-002,0.0000000000000000;-1.0734633834244869,-5.0769599830539276,0.0000000000000000
1.7894948191388833E-002,1.0159130648891136E-002,0.0000000000000000;-1.2934339203464578,-5.0247387175721450,0.0000000000000000
1.8320203792826006E-002,1.0109381630106416E-002,0.0000000000000000;-1.5109220682588573,-4.9629846251213596,0.0000000000000000
1.8742890361562108E-002,1.0050582706206804E-002,0.0000000000000000;-1.7255153075885230,-4.8918149315756079,0.0000000000000000
1.9162616498731109E-002,9.9828544390005609E-003,0.0000000000000000;-1.9368066251779930,-4.8113647062488152,0.0000000000000000
1.9578996438269075E-002,9.9063343094003640E-003,0.0000000000000000;-2.1443952858333843,-4.7217866042277148,0.0000000000000000
1.9991650777934484E-002,9.8211764550257211E-003,0.0000000000000000;-2.3478875918371043,-4.6232505753489548,0.0000000000000000
2.0400207198116853E-002,9.7275513762340605E-003,0.0000000000000000;-2.5468976289831540,-4.5159435403832164,0.0000000000000000
2.0804301167070695E-002,9.6256456111500372E-003,0.0000000000000000;-2.7410479977192770,-4.4000690350515628,0.0000000000000000
2.1203576631238612E-002,9.5156613803214704E-003,0.0000000000000000;-2.9299705280093886,-4.2758468225603732,0.0000000000000000
2.1597686689356667E-002,9.3978162016878069E-003,0.0000000000000000;-3.1133069765615593,-4.1435124754009722,0.0000000000000000
2.1986294249066875E-002,9.2723424766031938E-003,0.0000000000000000;-3.2907097051012295,-4.0033169272183136,0.0000000000000000
2.2369072664795944E-002,9.1394870477108682E-003,0.0000000000000000;-3.4618423384062416,-3.8555259956097245,0.0000000000000000
2.2745706355695793E-002,8.9995107295186422E-003,0.0000000000000000;-3.6263804008596097,-3.7004198767696583,0.0000000000000000
2.3115891402480254E-002,8.8526878125766064E-003,0.0000000000000000;-3.7840119303176190,-3.5382926129494945,0.0000000000000000
2.3479336122033217E-002,8.6993055422077640E-003,0.0000000000000000;-3.9344380681347859,-3.3694515337526489,0.0000000000000000
2.3835761618706586E-002,8.5396635727899867E-003,0.0000000000000000;-4.0773736242333056,-3.1942166723344152,0.0000000000000000
2.4184902311271420E-002,8.3740733986333894E-003,0.0000000000000000;-4.2125476161527837,-3.0129201576230549,0.0000000000000000
2.4526506434532552E-002,8.2028577625409271E-003,0.0000000000000000;-4.3397037810662109,-2.8259055837235332,0.0000000000000000
2.4860336514665852E-002,8.0263500431815293E-003,0.0000000000000000;-4.4586010598001335,-2.6335273577079286,0.0000000000000000
2.5186169817387638E-002,7.8448936224444453E-003,0.0000000000000000;-4.5690140519508038,-2.4361500270368062,0.0000000000000000
2.5503798768117977E-002,7.6588412339805316E-003,0.0000000000000000;-4.6707334412435051,-2.2341475878937098,0.0000000000000000
2.5813031343353152E-002,7.4685542941709702E-003,0.0000000000000000;-4.7635663903392871,-2.0279027757502921,0.0000000000000000
2.6113691432517620E-002,7.2744022167962269E-003,0.0000000000000000;-4.8473369043517733,-1.8178063395124218,0.0000000000000000
2.6405619169622144E-002,7.0767617127079690E-003,0.0000000000000000;-4.9218861623964818,-1.6042563006278383,0.0000000000000000
2.6688671234112248E-002,6.8760160758340487E-003,0.0000000000000000;-4.9870728165560712,-1.3876571985634778,0.0000000000000000
2.6962721120349767E-002,6.6725544568715222E-003,0.0000000000000000;-5.0427732577070064,-1.1684193240854697,0.0000000000000000
2.7227659375229876E-002,6.4667711260449319E-003,0.0000000000000000;-5.0888818477161548,-0.94695794179692716,0.0000000000000000
2.7483393803496313E-002,6.2590647263267504E-003,0.0000000000000000;-5.1253111175797388,-0.72369250340800695,0.0000000000000000
2.7729849640378761E-002,6.0498375185338788E-003,0.0000000000000000;-5.1519919311416524,-0.49904585322926243,0.0000000000000000
2.7966969691238071E-002,5.8394946197284359E-003,0.0000000000000000;-5.1688736140933891,-0.27344342739303318,0.0000000000000000
2.8194714437967366E-002,5.6284432363627197E-003,0.0000000000000000;-5.1759240480235107,-4.7312448318484135E-002,0.0000000000000000
2.8413062111959667E-002,5.4170918936171574E-003,0.0000000000000000;-5.1731297293506477,0.17891888405607800,0.0000000000000000
2.8622008733515735E-002,5.2058496623862936E-003,0.0000000000000000;-5.1604957930402877,0.40482220274484620,0.0000000000000000
2.8821568117628871E-002,4.9951253853713603E-003,0.0000000000000000;-5.1380460010720190,0.62996978435907269,0.0000000000000000
2.9011771846146592E-002,4.7853269037387656E-003,0.0000000000000000;-5.1058226956902644,0.85393535839411083,0.0000000000000000
2.9192669206372208E-002,4.5768602858018981E-003,0.0000000000000000;-5.0638867175377662,1.0762949136319602,0.0000000000000000
2.9364327096232212E-002,4.3701290591790145E-003,0.0000000000000000;-5.0123172888370870,1.2966275001386494,0.0000000000000000
2.9526829896197971E-002,4.1655334478726443E-003,0.0000000000000000;-4.9512118618509540,1.5145160253449297,0.0000000000000000
2.9680279308212411E-002,3.9634696157059479E-003,0.0000000000000000;-4.8806859329174044,1.7295480427107037,0.0000000000000000
2.9824794161934044E-002,3.7643289175388166E-003,0.0000000000000000;-4.8008728224201409,1.9413165314883416,0.0000000000000000
2.9960510188671678E-002,3.5684971596712258E-003,0.0000000000000000;-4.7119234211182572,2.1494206661175159,0.0000000000000000
3.0087579763443423E-002,3.3763538708235057E-003,0.0000000000000000;-4.6140059033223837,2.3534665738043765,0.0000000000000000
3.0206171615653046E-002,3.1882715850627763E-003,0.0000000000000000;-4.5073054074662284,2.5530680788607389,0.0000000000000000
3.0316470508935146E-002,3.0046151380218786E-003,0.0000000000000000;-4.3920236846833411,2.7478474324044444,0.0000000000000000
3.0418676890778037E-002,2.8257409777317473E-003,0.0000000000000000;-4.2683787160585878,2.9374360260501007,0.0000000000000000
3.0513006512589421E-002,2.6519964913603723E-003,0.0000000000000000;-4.1366042992822161,3.1214750882499738,0.0000000000000000
3.0599690020924962E-002,2.4837193491213301E-003,0.0000000000000000;-3.9969496054913614,3.2996163619778316,0.0000000000000000
3.0678972520653363E-002,2.3212368665824017E-003,0.0000000000000000;-3.8496787071393439,3.4715227624839557,0.0000000000000000
3.0751113110883813E-002,2.1648653865700778E-003,0.0000000000000000;-3.6950700777869994,3.6368690138872823,0.0000000000000000
3.0816384394532201E-002,2.0149096818288569E-003,0.0000000000000000;-3.5334160647624988,3.7953422634106309,0.0000000000000000
3.0875071962451463E-002,1.8716623795552391E-003,0.0000000000000000;-3.3650223356865445,3.9466426721071608,0.0000000000000000
3.0927473853098721E-002,1.7354034088852657E-003,0.0000000000000000;-3.1902072999083884,4.0904839809704798,0.0000000000000000
3.0973899988757245E-002,1.6063994723714422E-003,0.0000000000000000;-3.0093015059447330,4.2265940513671234,0.0000000000000000
3.1014671589374893E-002,1.4849035424399780E-003,0.0000000000000000;-2.8226470160581485,4.3547153787783728,0.0000000000000000
3.1050120565122248E-002,1.3711543837725609E-003,0.0000000000000000;-2.6305967591540980,4.4746055788884558,0.0000000000000000
3.1080588888813244E-002,1.2653761025084502E-003,0.0000000000000000;-2.4335138632159370,4.5860378451080166,0.0000000000000000
3.1106427949368531E-002,1.1677777231125950E-003,0.0000000000000000;-2.2317709685352720,4.6888013766752552,0.0000000000000000
3.1127997887537145E-002,1.0785527937038583E-003,0.0000000000000000;-2.0257495230307434,4.7827017765321855,0.0000000000000000
3.1145666915125086E-002,9.9787902058434772E-004,0.0000000000000000;-1.8158390609816037,4.8675614182300242,0.0000000000000000
3.1159810619010186E-002,9.2591793265640887E-004,0.0000000000000000;-1.6024364665333135,4.9432197811755989,0.0000000000000000
3.1170811251251103E-002,8.6281457635812252E-004,0.0000000000000000;-1.3859452233607277,5.0095337535898379,0.0000000000000000
3.1179057006624246E-002,8.0869724169127207E-004,0.0000000000000000;-1.1667746519002427,5.0663779026097258,0.0000000000000000
3.1184941288946080E-002,7.6367721985779705E-004,0.0000000000000000;-0.94533913558547389,5.1136447110264607,0.0000000000000000
3.1188861967559336E-002,7.2784859296183980E-004,0.0000000000000000;-0.72205733754159318,5.1512447802148653,0.0000000000000000
3.1191220625380194E-002,7.0128805617471950E-004,0.0000000000000000;-0.49735140921133375,5.1791069988722178,0.0000000000000000
3.1192421799919552E-002,6.8405477269964268E-004,0.0000000000000000;-0.27164619240084226,5.1971786772485249,0.0000000000000000
3.1192872218704877E-002,6.7619026181178624E-004,0.0000000000000000;-4.5368416245987198E-002,5.2054256466146960,0.0000000000000000
3.1192980030539934E-002,6.7771832018767868E-004,0.0000000000000000;0.18105410939060110,5.2038323237800022,0.0000000000000000
3.1193154034047866E-002,6.8864497667566458E-004,0.0000000000000000;0.40719330257459752,5.1924017405354972,0.0000000000000000
3.1193802904948519E-002,7.0895848059678414E-004,0.0000000000000000;0.63262161848590770,5.1711555379656353,0.0000000000000000
