0.0000000000000000,0.0000000000000000,0.0000000000000000;0.0000000000000000,1.0000000000000000,0.0000000000000000
0.0000000000000000,4.4449337883375107E-010,0.0000000000000000;1.7213356150902550E-002,0.99985183919899123,0.0000000000000000
7.6512228538197979E-012,1.7779076596435687E-009,0.0000000000000000;3.4421611612529629E-002,0.99940740069943168,0.0000000000000000
3.8253847126043159E-011,3.9999794383856549E-009,0.0000000000000000;5.1619667207028284E-002,0.99866681619749686,0.0000000000000000
1.0710125059312749E-010,7.1101819842273835E-009,0.0000000000000000;6.8802426778921344E-002,0.99763030514327866,0.0000000000000000
2.2947547859615246E-010,1.1107725395617115E-008,0.0000000000000000;8.5964798705171375E-002,0.99629817467576198,0.0000000000000000
4.2064271575103704E-010,1.5991556834332429E-008,0.0000000000000000;0.10310169740390181,0.99467081953181813,0.0000000000000000
6.9584876235787491E-010,2.1760360837437420E-008,0.0000000000000000;0.12020804484132824,0.99274872192924324,0.0000000000000000
1.0703145168496476E-009,2.8412559707056692E-008,0.0000000000000000;0.13727877203645333,0.99053245142387525,0.0000000000000000
1.5592314656187859E-009,3.5946313977850542E-008,0.0000000000000000;0.15430882056307960,0.98802266474083267,0.0000000000000000
2.1777571815578644E-009,4.4359522962052896E-008,0.0000000000000000;0.17129314404869489,0.98522010557992479,0.0000000000000000
2.9410108326481366E-009,5.3649825371910509E-008,0.0000000000000000;0.18822670966978680,0.98212560439529051,0.0000000000000000
3.8640687019266371E-009,6.3814600019339057E-008,0.0000000000000000;0.20510449964314262,0.97874007814933184,0.0000000000000000
4.9619597201592150E-009,7.4850966592588878E-008,0.0000000000000000;0.22192151271269320,0.97506453004101457,0.0000000000000000
6.2496610125430947E-009,8.6755786509690248E-008,0.0000000000000000;0.23867276563146003,0.97110004920861659,0.0000000000000000
7.7420934607584020E-009,9.9525663848425412E-008,0.0000000000000000;0.25535329463816669,0.96684781040701173,0.0000000000000000
9.4541172816835635E-009,1.1315694635255187E-007,0.0000000000000000;0.27195815692807701,0.96230907365958562,0.0000000000000000
1.1400527624084532E-008,1.2764572651397881E-007,0.0000000000000000;0.28848243211762403,0.95748518388488535,0.0000000000000000
1.3596050184582481E-008,1.4298784273057615E-007,0.0000000000000000;0.30492122370239616,0.95237757049811422,0.0000000000000000
1.6055336844198899E-008,1.5917888053927317E-007,0.0000000000000000;0.32126966050804823,0.94698774698759047,0.0000000000000000
1.8792961326770920E-008,1.7621417392408148E-007,0.0000000000000000;0.33752289813370773,0.94131731046629330,0.0000000000000000
2.1823414880523259E-008,1.9408880669865482E-007,0.0000000000000000;0.35367612038744850,0.93536794119863143,0.0000000000000000
2.5161101984076220E-008,2.1279761396297603E-007,0.0000000000000000;0.36972454071340660,0.92914140210257290,0.0000000000000000
2.8820336078162097E-008,2.3233518363373994E-007,0.0000000000000000;0.38566340361011547,0.92263953822728384,0.0000000000000000
3.2815335324314573E-008,2.5269585804797842E-007,0.0000000000000000;0.40148798603964009,0.91586427620643118,0.0000000000000000
3.7160218391787777E-008,2.7387373563945286E-007,0.0000000000000000;0.41719359882709284,0.90881762368731167,0.0000000000000000
4.1869000273953374E-008,2.9586267268731732E-007,0.0000000000000000;0.43277558805011618,0.90150166873597493,0.0000000000000000
4.6955588135415145E-008,3.1865628513653435E-007,0.0000000000000000;0.44822933641792062,0.89391857921851858,0.0000000000000000
5.2433777191071637E-008,3.4224795048950416E-007,0.0000000000000000;0.46355026463946902,0.88607060215873723,0.0000000000000000
5.8317246618347833E-008,3.6663080976834683E-007,0.0000000000000000;0.47873383278040244,0.87796006307231655,0.0000000000000000
6.4619555503807050E-008,3.9179776954725608E-007,0.0000000000000000;0.49377554160830495,0.86958936527776909,0.0000000000000000
7.1354138825344102E-008,4.1774150405432285E-007,0.0000000000000000;0.50867093392590912,0.86096098918431652,0.0000000000000000
7.8534303471150133E-008,4.4445445734220561E-007,0.0000000000000000;0.52341559589184705,0.85207749155692880,0.0000000000000000
8.6173224296628773E-008,4.7192884552700464E-007,0.0000000000000000;0.53800515832855522,0.84294150475873786,0.0000000000000000
9.4283940220431900E-008,5.0015665909467701E-007,0.0000000000000000;0.55243529801694657,0.83355573597105137,0.0000000000000000
1.0287935036077174E-007,5.2912966527430874E-007,0.0000000000000000;0.56670173897746545,0.82392296639119600,0.0000000000000000
1.1197221021315429E-007,5.5883941047754126E-007,0.0000000000000000;0.58080025373714583,0.81404605040842892,0.0000000000000000
1.2157512787066637E-007,5.8927722280342978E-007,0.0000000000000000;0.59472666458229773,0.80392791475816183,0.0000000000000000
1.3170056028793645E-007,6.2043421460799076E-007,0.0000000000000000;0.60847684479645037,0.79357155765474696,0.0000000000000000
1.4236080958987621E-007,6.5230128513767757E-007,0.0000000000000000;0.62204671988318561,0.78298004790308307,0.0000000000000000
1.5356801942629655E-007,6.8486912322600503E-007,0.0000000000000000;0.63543226877349868,0.77215652398930423,0.0000000000000000
1.6533417137347830E-007,7.1812821005252208E-007,0.0000000000000000;0.64862952501732962,0.76110419315082078,0.0000000000000000
1.7767108138376379E-007,7.5206882196331717E-007,0.0000000000000000;0.66163457795891045,0.74982633042598767,0.0000000000000000
1.9059039628422142E-007,7.8668103335221953E-007,0.0000000000000000;0.67444357389558207,0.73832627768368231,0.0000000000000000
2.0410359032542062E-007,8.2195471960184305E-007,0.0000000000000000;0.68705271721973593,0.72660744263307908,0.0000000000000000
2.1822196178133993E-007,8.5787956008360188E-007,0.0000000000000000;0.69945827154354223,0.71467329781391375,0.0000000000000000
2.3295662960141578E-007,8.9444504121580830E-007,0.0000000000000000;0.71165656080613227,0.70252737956753741,0.0000000000000000
2.4831853011572387E-007,9.3164045957894715E-007,0.0000000000000000;0.72364397036290606,0.69017328698906422,0.0000000000000000
2.6431841379426961E-007,9.6945492508720423E-007,0.0000000000000000;0.73541694805664259,0.67761468086092369,0.0000000000000000
2.8096684206134788E-007,1.0078773642153083E-006,0.0000000000000000;0.74697200527009544,0.66485528256813353,0.0000000000000000
2.9827418416591620E-007,1.0468965232797319E-006,0.0000000000000000;0.75830571795976198,0.65189887299561411,0.0000000000000000
3.1625061410890842E-007,1.0865009717732768E-006,0.0000000000000000;0.76941472767051911,0.63874929140787173,0.0000000000000000
3.3490610762839997E-007,1.1266791057520590E-006,0.0000000000000000;0.78029574253082601,0.62541043431138188,0.0000000000000000
3.5425043924351746E-007,1.1674191512738872E-006,0.0000000000000000;0.79094553822819813,0.61188625430001042,0.0000000000000000
3.7429317935796919E-007,1.2087091678870174E-006,0.0000000000000000;0.80136095896466331,0.59818075888381372,0.0000000000000000
3.9504369142405457E-007,1.2505370521682503E-006,0.0000000000000000;0.81153891839191761,0.58429800930156617,0.0000000000000000
4.1651112916799293E-007,1.2928905413093214E-006,0.0000000000000000;0.82147640052590298,0.57024211931736490,0.0000000000000000
4.3870443387739412E-007,1.3357572167505246E-006,0.0000000000000000;0.83117046064053623,0.55601725400167024,0.0000000000000000
4.6163233175167448E-007,1.3791245078604886E-006,0.0000000000000000;0.84061822614032411,0.54162762849714197,0.0000000000000000
4.8530333131620370E-007,1.4229796956610198E-006,0.0000000000000000;0.84981689741160604,0.52707750676963705,0.0000000000000000
5.0972572090094891E-007,1.4673099165959047E-006,0.0000000000000000;0.85876374865217242,0.51237120034473915,0.0000000000000000
5.3490756618436241E-007,1.5121021663425582E-006,0.0000000000000000;0.86745612867901223,0.49751306703019427,0.0000000000000000
5.6085670780324259E-007,1.5573433036653863E-006,0.0000000000000000;0.87589146171395094,0.48250750962463079,0.0000000000000000
5.8758075902927438E-007,1.6030200543097223E-006,0.0000000000000000;0.88406724814694537,0.46735897461294695,0.0000000000000000
6.1508710351293971E-007,1.6491190149351836E-006,0.0000000000000000;0.89198106527681031,0.45207195084875174,0.0000000000000000
6.4338289309546511E-007,1.6956266570872820E-006,0.0000000000000000;0.89963056802915597,0.43665096822424987,0.0000000000000000
6.7247504568945572E-007,1.7425293312061117E-006,0.0000000000000000;0.90701348965132478,0.42110059632796515,0.0000000000000000
7.0237024322884426E-007,1.7898132706709287E-006,0.0000000000000000;0.91412764238412025,0.40542544309069917,0.0000000000000000
7.3307492968876105E-007,1.8374645958794197E-006,0.0000000000000000;0.92097091811013065,0.38963015342012769,0.0000000000000000
7.6459530917591358E-007,1.8854693183604558E-006,0.0000000000000000;0.92754128897845323,0.37371940782443797,0.0000000000000000
7.9693734409004097E-007,1.9338133449191097E-006,0.0000000000000000;0.93383680800563518,0.35769792102541592,0.0000000000000000
8.3010675335698790E-007,1.9824824818127090E-006,0.0000000000000000;0.93985560965265325,0.34157044056139341,0.0000000000000000
8.6410901073392248E-007,2.0314624389566901E-006,0.0000000000000000;0.94559591037775992,0.32534174538046967,0.0000000000000000
8.9894934318719972E-007,2.0807388341590024E-006,0.0000000000000000;0.95105600916503352,0.30901664442442417,0.0000000000000000
9.3463272934335195E-007,2.1302971973818124E-006,0.0000000000000000;0.95623428802847465,0.29259997520373965,0.0000000000000000
9.7116389801366521E-007,2.1801229750292427E-006,0.0000000000000000;0.96112921249150052,0.27609660236415839,0.0000000000000000
1.0085473267927789E-006,2.2302015342598757E-006,0.0000000000000000;0.96573933204169338,0.25951141624519591,0.0000000000000000
1.0467872407317236E-006,2.2805181673227462E-006,0.0000000000000000;0.97006328056067037,0.24284933143103943,0.0000000000000000
1.0858876110857916E-006,2.3310580959155335E-006,0.0000000000000000;0.97409977672894565,0.22611528529426028,0.0000000000000000
1.1258521541376108E-006,2.3818064755636666E-006,0.0000000000000000;0.97784762440566542,0.20931423653277212,0.0000000000000000
1.1666843300957705E-006,2.4327484000190424E-006,0.0000000000000000;0.98130571298310343,0.19245116370046805,0.0000000000000000
1.2083873420693258E-006,2.4838689056770544E-006,0.0000000000000000;0.98447301771581164,0.17553106373197225,0.0000000000000000
1.2509641351184851E-006,2.5351529760106222E-006,0.0000000000000000;0.98734860002432845,0.15855895046194321,0.0000000000000000
1.2944173953817619E-006,2.5865855460199097E-006,0.0000000000000000;0.98993160777335421,0.14153985313936729,0.0000000000000000
1.3387495492798500E-006,2.6381515066964098E-006,0.0000000000000000;0.99222127552431205,0.12447881493728287,0.0000000000000000
1.3839627627964566E-006,2.6898357095000788E-006,0.0000000000000000;0.99421692476221901,0.10738089145837659,0.0000000000000000
1.4300589408363106E-006,2.7416229708481873E-006,0.0000000000000000;0.99591796409679956,9.0251149236894618E-002,0.0000000000000000
1.4770397266605302E-006,2.7934980766145633E-006,0.0000000000000000;0.99732388943778250,7.3094664237312715E-002,0.0000000000000000
1.5249065013995247E-006,2.8454457866378893E-006,0.0000000000000000;0.99843428414432911,5.5916520350210129E-002,0.0000000000000000
1.5736603836435687E-006,2.8974508392377218E-006,0.0000000000000000;0.99924881914854813,3.8721807885792853E-002,0.0000000000000000
1.6233022291111738E-006,2.9494979557368913E-006,0.0000000000000000;0.99976725305306091,2.1515622065512701E-002,0.0000000000000000
1.6738326303953556E-006,3.0015718449889462E-006,0.0000000000000000;0.99998943220258751,4.3030615122292525E-003,0.0000000000000000
1.7252519167878693E-006,3.0536572079092962E-006,0.0000000000000000;0.99991529072953300,-1.2910773260638067E-002,0.0000000000000000
1.7775601541814709E-006,3.1057387420087133E-006,0.0000000000000000;0.99954485057356024,-3.0120781360519995E-002,0.0000000000000000
1.8307571450502278E-006,3.1578011459278491E-006,0.0000000000000000;0.99887822147514249,-4.7321863027221661E-002,0.0000000000000000
1.8848424285078876E-006,3.2098291239714215E-006,0.0000000000000000;0.99791560094309906,-6.4508921144113163E-002,0.0000000000000000
1.9398152804442891E-006,3.2618073906407277E-006,0.0000000000000000;0.99665727419612260,-8.1676862748538692E-002,0.0000000000000000
1.9956747137397709E-006,3.3137206751631443E-006,0.0000000000000000;0.99510361407831505,-9.8820600540996548E-002,0.0000000000000000
2.0524194785575215E-006,3.3655537260172664E-006,0.0000000000000000;0.99325508094875858,-0.11593505439264290,0.0000000000000000
2.1100480627137750E-006,3.4172913154523493E-006,0.0000000000000000;0.99111222254515241,-0.13301515285067261,0.0000000000000000
2.1685586921257526E-006,3.4689182440007111E-006,0.0000000000000000;0.98867567382155763,-0.15005583464113084,0.0000000000000000
2.2279493313372095E-006,3.5204193449817600E-006,0.0000000000000000;0.98594615676029607,-0.16705205016871041,0.0000000000000000
2.2882176841214367E-006,3.5717794889963115E-006,0.0000000000000000;0.98292448015806100,-0.18399876301309015,0.0000000000000000
2.3493611941615376E-006,3.6229835884098636E-006,0.0000000000000000;0.97961153938630130,-0.20089095142137092,0.0000000000000000
2.4113770458077759E-006,3.6740166018235014E-006,0.0000000000000000;0.97600831612595085,-0.21772360979616728,0.0000000000000000
2.4742621649117744E-006,3.7248635385311055E-006,0.0000000000000000;0.97211587807658173,-0.23449175017891333,0.0000000000000000
2.5380132197373154E-006,3.7755094629615454E-006,0.0000000000000000;0.96793537864006685,-0.25119040372794371,0.0000000000000000
2.6026266219474726E-006,3.8259394991045377E-006,0.0000000000000000;0.96346805657884604,-0.26781462219091129,0.0000000000000000
2.6680985276677836E-006,3.8761388349188631E-006,0.0000000000000000;0.95871523564889716,-0.28435947937110539,0.0000000000000000
2.7344248386251477E-006,3.9260927267216302E-006,0.0000000000000000;0.95367832420751986,-0.30082007258723614,0.0000000000000000
2.8016012033621106E-006,3.9757865035572875E-006,0.0000000000000000;0.94835881479604922,-0.31719152412625196,0.0000000000000000
2.8696230185261772E-006,4.0252055715450928E-006,0.0000000000000000;0.94275828369762271,-0.33346898268876013,0.0000000000000000
2.9384854302337716E-006,4.0743354182037424E-006,0.0000000000000000;0.93687839047013055,-0.34964762482662171,0.0000000000000000
3.0081833355084384E-006,4.1231616167518886E-006,0.0000000000000000;0.93072087745448917,-0.36572265637229484,0.0000000000000000
3.0787113837928607E-006,4.1716698303832649E-006,0.0000000000000000;0.92428756925838251,-0.38168931385950317,0.0000000000000000
3.1500639785342454E-006,4.2198458165151527E-006,0.0000000000000000;0.91758037221562394,-0.39754286593480770,0.0000000000000000
3.2222352788426077E-006,4.2676754310089330E-006,0.0000000000000000;0.91060127382130018,-0.41327861475966460,0.0000000000000000
3.2952192012214639E-006,4.3151446323614668E-006,0.0000000000000000;0.90335234214286286,-0.42889189740255262,0.0000000000000000
3.3690094213704164E-006,4.3622394858660729E-006,0.0000000000000000;0.89583572520734367,-0.44437808722075817,0.0000000000000000
3.4435993760591015E-006,4.4089461677418557E-006,0.0000000000000000;0.88805365036487394,-0.45973259523140819,0.0000000000000000
3.5189822650719419E-006,4.4552509692301692E-006,0.0000000000000000;0.88000842362869680,-0.47495087147134463,0.0000000000000000
3.5951510532231285E-006,4.5011403006570003E-006,0.0000000000000000;0.87170242899186856,-0.49002840634543759,0.0000000000000000
3.6720984724412334E-006,4.5466006954600680E-006,0.0000000000000000;0.86313812772085097,-0.50496073196293734,0.0000000000000000
3.7498170239228404E-006,4.5916188141794448E-006,0.0000000000000000;0.85431805762620350,-0.51974342346146940,0.0000000000000000
3.8282989803545480E-006,4.6361814484105147E-006,0.0000000000000000;0.84524483231059244,-0.53437210031827986,0.0000000000000000
3.9075363882026955E-006,4.6802755247181015E-006,0.0000000000000000;0.83592114039433918,-0.54884242764834312,0.0000000000000000
3.9875210700701232E-006,4.7238881085106036E-006,0.0000000000000000;0.82634974471873679,-0.56315011748894628,0.0000000000000000
4.0682446271192805E-006,4.7670064078729881E-006,0.0000000000000000;0.81653348152737193,-0.57729093007037058,0.0000000000000000
4.1496984415609518E-006,4.8096177773575107E-006,0.0000000000000000;0.80647525962569355,-0.59126067507229230,0.0000000000000000
4.2318736792078729E-006,4.8517097217310306E-006,0.0000000000000000;0.79617805951907816,-0.60505521286553143,0.0000000000000000
4.3147612920924735E-006,4.8932698996778216E-006,0.0000000000000000;0.78564493252964684,-0.61867045573877977,0.0000000000000000
4.3983520211479779E-006,4.9342861274567673E-006,0.0000000000000000;0.77487899989209541,-0.63210236910994499,0.0000000000000000
4.4826363989520610E-006,4.9747463825118704E-006,0.0000000000000000;0.76388345182880624,-0.64534697272175168,0.0000000000000000
4.5676047525322513E-006,5.0146388070349995E-006,0.0000000000000000;0.75266154660451512,-0.65840034182124485,0.0000000000000000
4.6532472062322532E-006,5.0539517114798146E-006,0.0000000000000000;0.74121660956081403,-0.67125860832284656,0.0000000000000000
4.7395536846383296E-006,5.0926735780258345E-006,0.0000000000000000;0.72955203213077502,-0.68391796195462073,0.0000000000000000
4.8265139155648880E-006,5.1307930639916206E-006,0.0000000000000000;0.71767127083398785,-0.69637465138740662,0.0000000000000000
4.9141174330983788E-006,5.1682990051960600E-006,0.0000000000000000;0.70557784625230890,-0.70862498534648577,0.0000000000000000
5.0023535806986026E-006,5.2051804192667560E-006,0.0000000000000000;0.69327534198662522,-0.72066533370545438,0.0000000000000000
5.0912115143565175E-006,5.2414265088945434E-006,0.0000000000000000;0.68076740359494226,-0.73249212856197465,0.0000000000000000
5.1806802058075979E-006,5.2770266650331665E-006,0.0000000000000000;0.66805773751211028,-0.74410186529508848,0.0000000000000000
5.2707484457998012E-006,5.3119704700431673E-006,0.0000000000000000;0.65515010995150980,-0.75549110360377847,0.0000000000000000
5.3614048474151693E-006,5.3462477007790547E-006,0.0000000000000000;0.64204834578902081,-0.76665646852646963,0.0000000000000000
5.4526378494440863E-006,5.3798483316188429E-006,0.0000000000000000;0.62875632742960752,-0.77759465144116902,0.0000000000000000
5.5444357198111834E-006,5.4127625374350531E-006,0.0000000000000000;0.61527799365685365,-0.78830241104594645,0.0000000000000000
5.6367865590518867E-006,5.4449806965063053E-006,0.0000000000000000;0.60161733846578946,-0.79877657431946691,0.0000000000000000
5.7296783038385687E-006,5.4764933933686322E-006,0.0000000000000000;0.58777840987935615,-0.80901403746128875,0.0000000000000000
5.8230987305552628E-006,5.5072914216056767E-006,0.0000000000000000;0.57376530874885923,-0.81901176681164978,0.0000000000000000
5.9170354589198794E-006,5.5373657865769361E-006,0.0000000000000000;0.55958218753876543,-0.82876679975046796,0.0000000000000000
6.0114759556528558E-006,5.5667077080832523E-006,0.0000000000000000;0.54523324909620319,-0.83827624557529112,0.0000000000000000
6.1064075381911429E-006,5.5953086229687581E-006,0.0000000000000000;0.53072274540553233,-0.84753728635793446,0.0000000000000000
6.2018173784464353E-006,5.6231601876584998E-006,0.0000000000000000;0.51605497632835118,-0.85654717777955280,0.0000000000000000
6.2976925066065328E-006,5.6502542806309973E-006,0.0000000000000000;0.50123428832931449,-0.86530324994389940,0.0000000000000000
6.3940198149786985E-006,5.6765830048249937E-006,0.0000000000000000;0.48626507318814066,-0.87380290816853112,0.0000000000000000
6.4907860618738821E-006,5.7021386899796978E-006,0.0000000000000000;0.47115176669818865,-0.88204363375372408,0.0000000000000000
6.5879778755306523E-006,5.7269138949078084E-006,0.0000000000000000;0.45589884735199127,-0.89002298472887353,0.0000000000000000
6.6855817580776798E-006,5.7509014097006604E-006,0.0000000000000000;0.44051083501413413,-0.89773859657615562,0.0000000000000000
6.7835840895335943E-006,5.7740942578648326E-006,0.0000000000000000;0.42499228958187346,-0.90518818293123660,0.0000000000000000
6.8819711318430289E-006,5.7964856983895842E-006,0.0000000000000000;0.40934780963388945,-0.91236953626082229,0.0000000000000000
6.9807290329476573E-006,5.8180692277445103E-006,0.0000000000000000;0.39358203106757628,-0.91928052851684672,0.0000000000000000
7.0798438308910180E-006,5.8388385818068209E-006,0.0000000000000000;0.37769962572527205,-0.92591911176710606,0.0000000000000000
7.1793014579559094E-006,5.8587877377176737E-006,0.0000000000000000;0.36170530000983586,-0.93228331880215065,0.0000000000000000
7.2790877448331254E-006,5.8779109156670096E-006,0.0000000000000000;0.34560379348998260,-0.93837126371825574,0.0000000000000000
7.3791884248203005E-006,5.8962025806063638E-006,0.0000000000000000;0.32939987749578870,-0.94418114247629781,0.0000000000000000
7.4795891380496197E-006,5.9136574438891429E-006,0.0000000000000000;0.31309835370478450,-0.94971123343637076,0.0000000000000000
7.5802754357431384E-006,5.9302704648378835E-006,0.0000000000000000;0.29670405271905331,-0.95495989786798419,0.0000000000000000
7.6812327844944510E-006,5.9460368522380245E-006,0.0000000000000000;0.28022183263375777,-0.95992558043569132,0.0000000000000000
7.7824465705754415E-006,5.9609520657577551E-006,0.0000000000000000;0.26365657759751876,-0.96460680966000356,0.0000000000000000
7.8839021042668383E-006,5.9750118172935125E-006,0.0000000000000000;0.24701319636507243,-0.96900219835345525,0.0000000000000000
7.9855846242112894E-006,5.9882120722407364E-006,0.0000000000000000;0.23029662084263541,-0.97311044403168834,0.0000000000000000
8.0874793017876689E-006,6.0005490506894969E-006,0.0000000000000000;0.21351180462640840,-0.97693032929943580,0.0000000000000000
8.1895712455053196E-006,6.0120192285446490E-006,0.0000000000000000;0.19666372153465173,-0.98046072221128988,0.0000000000000000
8.2918455054169250E-006,6.0226193385701720E-006,0.0000000000000000;0.17975736413376792,-0.98370057660714694,0.0000000000000000
8.3942870775487053E-006,6.0323463713573967E-006,0.0000000000000000;0.16279774225882784,-0.98664893242223073,0.0000000000000000
8.4968809083466301E-006,6.0411975762168196E-006,0.0000000000000000;0.14578988152897915,-0.98930491597160153,0.0000000000000000
8.5996118991373166E-006,6.0491704619932519E-006,0.0000000000000000;0.12873882185817689,-0.99166774020906667,0.0000000000000000
8.7024649106023057E-006,6.0562627978040540E-006,0.0000000000000000;0.11164961596167769,-0.99373670496041677,0.0000000000000000
8.8054247672643846E-006,6.0624726137002401E-006,0.0000000000000000;9.4527327858740018E-002,-0.99551119713091674,0.0000000000000000
8.9084762619846196E-006,6.0677982012502562E-006,0.0000000000000000;7.7377031371974506E-002,-0.99699069088699188,0.0000000000000000
9.0116041604687752E-006,6.0722381140462565E-006,0.0000000000000000;6.0203808623788865E-002,-0.99817474781205440,0.0000000000000000
9.1147932057817828E-006,6.0757911681327322E-006,0.0000000000000000;4.3012748530373117E-002,-0.99906301703642353,0.0000000000000000
9.2180281228689142E-006,6.0784564423573629E-006,0.0000000000000000;2.5808945293671417E-002,-0.99965523534130241,0.0000000000000000
9.3212936230823327E-006,6.0802332786439869E-006,0.0000000000000000;8.5974968917874456E-003,-0.99995122723677909,0.0000000000000000
9.4245744087116608E-006,6.0811212821876085E-006,0.0000000000000000;-8.6164964317292578E-003,-0.99995090501382955,0.0000000000000000
9.5278551775172494E-006,6.0811203215713885E-006,0.0000000000000000;-2.5827933679268295E-002,-0.99965426877030772,0.0000000000000000
9.6311206272647702E-006,6.0802305288055771E-006,0.0000000000000000;-4.3031714610766818E-002,-0.99906140641091312,0.0000000000000000
9.7343554602598241E-006,6.0784522992883844E-006,0.0000000000000000;-6.0222741255093325E-002,-0.99817249362113847,0.0000000000000000
9.8375443878811883E-006,6.0757862916887935E-006,0.0000000000000000;-7.7395919420758963E-002,-0.99698779381520275,0.0000000000000000
9.9406721351113889E-006,6.0722334277513583E-006,0.0000000000000000;-9.4546160205508559E-002,-0.99550765805798669,0.0000000000000000
1.0043723445063228E-005,6.0677948920230336E-006,0.0000000000000000;-0.11166838150434402,-0.99373252496099307,0.0000000000000000
1.0146683083500946E-005,6.0624721315021328E-006,0.0000000000000000;-0.12875750951553316,-0.99166292055236305,0.0000000000000000
1.0249535843354666E-005,6.0562668552095006E-006,0.0000000000000000;-0.14580848024415766,-0.98929945812098674,0.0000000000000000
1.0352266549226793E-005,6.0491810336820434E-006,0.0000000000000000;-0.16281624100275444,-0.98664283803475450,0.0000000000000000
1.0454860061889016E-005,6.0412168983887550E-006,0.0000000000000000;-0.17977575190860587,-0.98369384753300260,0.0000000000000000
1.0557301282768596E-005,6.0323769410694213E-006,0.0000000000000000;-0.19668198737723491,-0.98045336049321519,0.0000000000000000
1.0659575158422610E-005,6.0226639129961890E-006,0.0000000000000000;-0.21352993761166272,-0.97692233717205101,0.0000000000000000
1.0761666684998812E-005,6.0120808241582286E-006,0.0000000000000000;-0.23031461008698723,-0.97310182392077227,0.0000000000000000
1.0863560912681795E-005,6.0006309423697244E-006,0.0000000000000000;-0.24703103102984270,-0.96899295287515985,0.0000000000000000
1.0965242950123147E-005,5.9883177923014616E-006,0.0000000000000000;-0.26367424689230201,-0.96459694162000653,0.0000000000000000
1.1066697968854270E-005,5.9751451544362938E-006,0.0000000000000000;-0.28023932581978456,-0.95991509282828813,0.0000000000000000
1.1167911207680571E-005,5.9611170639488016E-006,0.0000000000000000;-0.29672135911253494,-0.95494879387511888,0.0000000000000000
1.1268867977055709E-005,5.9462378095094752E-006,0.0000000000000000;-0.31311546268023938,-0.94969951642660611,0.0000000000000000
1.1369553663434609E-005,5.9305119320137786E-006,0.0000000000000000;-0.32941677848934836,-0.94416881600372571,0.0000000000000000
1.1469953733603952E-005,5.9139442232364631E-006,0.0000000000000000;-0.34562047600267715,-0.93835833152134807,0.0000000000000000
1.1570053738988858E-005,5.8965397244115368E-006,0.0000000000000000;-0.36172175361085701,-0.93226978480255007,0.0000000000000000
1.1669839319934486E-005,5.8783037247383100E-006,0.0000000000000000;-0.37771584005521330,-0.92590498006835886,0.0000000000000000
1.1769296209961273E-005,5.8592417598139564E-006,0.0000000000000000;-0.39359799584164862,-0.91926580340307673,0.0000000000000000
1.1868410239992571E-005,5.8393596099930579E-006,0.0000000000000000;-0.40936351464511156,-0.91235422219534712,0.0000000000000000
1.1967167342553406E-005,5.8186632986746147E-006,0.0000000000000000;-0.42500772470423592,-0.90517228455512655,0.0000000000000000
1.2065553555939135E-005,5.7971590905170363E-006,0.0000000000000000;-0.44052599020573585,-0.89772211870673557,0.0000000000000000
1.2163555028352741E-005,5.7748534895816310E-006,0.0000000000000000;-0.45591371265814729,-0.89000593235816861,0.0000000000000000
1.2261158022009579E-005,5.7517532374051581E-006,0.0000000000000000;-0.47116633225450871,-0.88202601204684938,0.0000000000000000
1.2358348917208308E-005,5.7278653110020023E-006,0.0000000000000000;-0.48627932922357686,-0.87378472246202699,0.0000000000000000
1.2455114216366845E-005,5.7031969207965664E-006,0.0000000000000000;-0.50124822516917755,-0.86528450574401117,0.0000000000000000
1.2551440548022115E-005,5.6777555084864985E-006,0.0000000000000000;-0.51606858439729397,-0.85652788076045727,0.0000000000000000
1.2647314670792433E-005,5.6515487448373850E-006,0.0000000000000000;-0.53073601523050007,-0.84751744235991311,0.0000000000000000
1.2742723477301326E-005,5.6245845274095572E-006,0.0000000000000000;-0.54524617130934872,-0.83825586060285040,0.0000000000000000
1.2837653998061650E-005,5.5968709782176952E-006,0.0000000000000000;-0.55959475288032934,-0.82874587997040783,0.0000000000000000
1.2932093405318832E-005,5.5684164413239178E-006,0.0000000000000000;-0.57377750807001315,-0.81899031855108095,0.0000000000000000
1.3026029016852117E-005,5.5392294803650691E-006,0.0000000000000000;-0.58779023414500897,-0.80899206720559957,0.0000000000000000
1.3119448299732678E-005,5.5093188760149402E-006,0.0000000000000000;-0.60162877875735521,-0.79875408871024023,0.0000000000000000
1.3212338874037480E-005,5.4786936233821745E-006,0.0000000000000000;-0.61528904117497996,-0.78827941687882774,0.0000000000000000
1.3304688516517808E-005,5.4473629293446308E-006,0.0000000000000000;-0.62876697349686417,-0.77757115566368595,0.0000000000000000
1.3396485164221355E-005,5.4153362098209892E-006,0.0000000000000000;-0.64205858185254749,-0.76663247823580460,0.0000000000000000
1.3487716918066804E-005,5.3826230869804136E-006,0.0000000000000000;-0.65515992758562192,-0.75546662604449388,0.0000000000000000
1.3578372046369850E-005,5.3492333863910973E-006,0.0000000000000000;-0.66806712842086202,-0.74407690785680680,0.0000000000000000
1.3668438988319613E-005,5.3151771341085344E-006,0.0000000000000000;-0.68077635961464611,-0.73246669877701287,0.0000000000000000
1.3757906357404404E-005,5.2804645537043809E-006,0.0000000000000000;-0.69328385508832779,-0.72063943924641460,0.0000000000000000
1.3846762944785844E-005,5.2451060632367851E-006,0.0000000000000000;-0.70558590854422132,-0.70859863402380263,0.0000000000000000
1.3934997722620319E-005,5.2091122721630905E-006,0.0000000000000000;-0.71767887456387025,-0.69634785114685194,0.0000000000000000
1.4022599847326811E-005,5.1724939781958179E-006,0.0000000000000000;-0.72955916968827483,-0.68389072087476677,0.0000000000000000
1.4109558662800103E-005,5.1352621641028664E-006,0.0000000000000000;-0.74122327347975681,-0.67123093461248851,0.0000000000000000
1.4195863703568439E-005,5.0974279944528774E-006,0.0000000000000000;-0.75266772956514727,-0.65837224381678394,0.0000000000000000
1.4281504697894682E-005,5.0590028123067248E-006,0.0000000000000000;-0.76388914665998953,-0.64531845888453898,0.0000000000000000
1.4366471570820060E-005,5.0199981358561164E-006,0.0000000000000000;-0.77488419957345167,-0.63207344802358778,0.0000000000000000
1.4450754447149590E-005,4.9804256550103010E-006,0.0000000000000000;-0.78564963019365286,-0.61864113610641058,0.0000000000000000
1.4534343654378317E-005,4.9402972279318923E-006,0.0000000000000000;-0.79618224845311003,-0.60502550350704143,0.0000000000000000
1.4617229725557464E-005,4.8996248775228336E-006,0.0000000000000000;-0.80647893327401954,-0.59123058492152947,0.0000000000000000
1.4699403402099683E-005,4.8584207878615528E-006,0.0000000000000000;-0.81653663349309380,-0.57726046817230414,0.0000000000000000
1.4780855636522545E-005,4.8166973005923538E-006,0.0000000000000000;-0.82635236876567852,-0.56311929299679797,0.0000000000000000
1.4861577595129481E-005,4.7744669112681212E-006,0.0000000000000000;-0.83592323044888284,-0.54881124982068630,0.0000000000000000
1.4941560660627354E-005,4.7317422656474206E-006,0.0000000000000000;-0.84524638246346040,-0.53434057851610783,0.0000000000000000
1.5020796434679908E-005,4.6885361559470913E-006,0.0000000000000000;-0.85431906213418685,-0.51971156714523370,0.0000000000000000
1.5099276740396335E-005,4.6448615170514414E-006,0.0000000000000000;-0.86313858100848340,-0.50492855068955700,0.0000000000000000
1.5176993624754202E-005,4.6007314226791702E-006,0.0000000000000000;-0.87170232565304495,-0.48999590976528035,0.0000000000000000
1.5253939360956048E-005,4.5561590815091521E-006,0.0000000000000000;-0.88000775842823675,-0.47491806932518171,0.0000000000000000
1.5330106450718934E-005,4.5111578332662351E-006,0.0000000000000000;-0.88805241824002923,-0.45969949734734278,0.0000000000000000
1.5405487626496272E-005,4.4657411447682051E-006,0.0000000000000000;-0.89583392126924966,-0.44434470351112931,0.0000000000000000
1.5480075853631282E-005,4.4199226059350977E-006,0.0000000000000000;-0.90334996167793269,-0.42885823786081534,0.0000000000000000
1.5553864332441433E-005,4.3737159257620326E-006,0.0000000000000000;-0.91059831229256272,-0.41324468945724740,0.0000000000000000
1.5626846500233244E-005,4.3271349282567654E-006,0.0000000000000000;-0.91757682526400375,-0.39750868501794856,0.0000000000000000
1.5699016033246857E-005,4.2801935483431669E-006,0.0000000000000000;-0.92428343270392221,-0.38165488754606486,0.0000000000000000
1.5770366848529815E-005,4.2329058277318320E-006,0.0000000000000000;-0.93071614729751395,-0.36568799494856097,0.0000000000000000
1.5840893105739456E-005,4.1852859107590579E-006,0.0000000000000000;-0.93687306289235406,-0.34961273864407433,0.0000000000000000
1.5910589208873439E-005,4.1373480401954079E-006,0.0000000000000000;-0.94275235506319477,-0.33343388216084019,0.0000000000000000
1.5979449807927837E-005,4.0891065530251161E-006,0.0000000000000000;-0.94835228165254459,-0.31715621972510344,0.0000000000000000
1.6047469800482351E-005,4.0405758761975773E-006,0.0000000000000000;-0.95367118328686762,-0.30078457484043525,0.0000000000000000
1.6114644333212140E-005,3.9917705223521811E-006,0.0000000000000000;-0.95870748386825133,-0.28432379885837583,0.0000000000000000
1.6180968803325839E-005,3.9427050855177617E-006,0.0000000000000000;-0.96345969104139639,-0.26777876954082641,0.0000000000000000
1.6246438859929344E-005,3.8933942367879318E-006,0.0000000000000000;-0.96792639663579050,-0.25115438961461722,0.0000000000000000
1.6311050405314935E-005,3.8438527199735897E-006,0.0000000000000000;-0.97210627708293473,-0.23445558531867902,0.0000000000000000
1.6374799596175387E-005,3.7940953472338759E-006,0.0000000000000000;-0.97599809380850000,-0.21768730494424934,0.0000000000000000
1.6437682844742673E-005,3.7441369946868904E-006,0.0000000000000000;-0.97960069359929591,-0.20085451736854570,0.0000000000000000
1.6499696819850962E-005,3.6939925980014562E-006,0.0000000000000000;-0.98291300894494504,-0.18396221058234052,0.0000000000000000
1.6560838447923568E-005,3.6436771479712450E-006,0.0000000000000000;-0.98593405835415970,-0.16701539021187392,0.0000000000000000
1.6621104913883566E-005,3.5932056860725715E-006,0.0000000000000000;-0.98866294664552890,-0.15001907803554260,0.0000000000000000
1.6680493661987800E-005,3.5425933000071778E-006,0.0000000000000000;-0.99109886521272905,-0.13297831049580414,0.0000000000000000
1.6739002396584064E-005,3.4918551192313208E-006,0.0000000000000000;-0.99324109226407908,-0.11589813720673796,0.0000000000000000
1.6796629082791183E-005,3.4410063104724970E-006,0.0000000000000000;-0.99508899303637044,-9.8783619457704988E-002,0.0000000000000000
1.6853371947101837E-005,3.3900620732351261E-006,0.0000000000000000;-0.99664201998290736,-8.1639828713549550E-002,0.0000000000000000
1.6909229477907929E-005,3.3390376352965280E-006,0.0000000000000000;-0.99789971293570257,-6.4471845111788009E-002,0.0000000000000000
1.6964200425948335E-005,3.2879482481945279E-006,0.0000000000000000;-0.99886169924178037,-4.7284755957229245E-002,0.0000000000000000
1.7018283804678938E-005,3.2368091827080261E-006,0.0000000000000000;-0.99952769387354623,-3.0083654214473354E-002,0.0000000000000000
1.7071478890564776E-005,3.1856357243318726E-006,0.0000000000000000;-0.99989749951319074,-1.2873636998735075E-002,0.0000000000000000
1.7123785223294286E-005,3.1344431687473862E-006,0.0000000000000000;-0.99997100661110272,4.3401959345607637E-003,0.0000000000000000
1.7175202605915525E-005,3.0832468172898609E-006,0.0000000000000000;-0.99974819341827492,2.1552743700964185E-002,0.0000000000000000
1.7225731104894373E-005,3.0320619724144031E-006,0.0000000000000000;-0.99922912599269131,3.8758905798517644E-002,0.0000000000000000
1.7275371050094655E-005,2.9809039331614431E-006,0.0000000000000000;-0.99841395817969614,5.5953583619158309E-002,0.0000000000000000
1.7324123034680228E-005,2.9297879906232627E-006,0.0000000000000000;-0.99730293156634831,7.3131681959557188E-002,0.0000000000000000
1.7371987914939047E-005,2.8787294234128860E-006,0.0000000000000000;-0.99589637540977705,9.0288110530947430E-002,0.0000000000000000
1.7418966810029243E-005,2.8277434931366727E-006,0.0000000000000000;-0.99419470653955844,0.10741778546749434,0.0000000000000000
1.7465061101647338E-005,2.7768454398719569E-006,0.0000000000000000;-0.99219842923414225,0.12451563083276027,0.0000000000000000
1.7510272433618633E-005,2.7260504776510705E-006,0.0000000000000000;-0.98990813507136644,0.14157658012381788,0.0000000000000000
1.7554602711409943E-005,2.6753737899530920E-006,0.0000000000000000;-0.98732450275310280,0.15859557777256617,0.0000000000000000
1.7598054101564798E-005,2.6248305252046520E-006,0.0000000000000000;-0.98444829790408606,0.17556758064380429,0.0000000000000000
1.7640629031061272E-005,2.5744357922911334E-006,0.0000000000000000;-0.98128037284498626,0.19248755952961943,0.0000000000000000
1.7682330186592655E-005,2.5242046560795934E-006,0.0000000000000000;-0.97782166633979184,0.20935050063964580,0.0000000000000000
1.7723160513771158E-005,2.4741521329547340E-006,0.0000000000000000;-0.97407320331757763,0.22615140708675319,0.0000000000000000
1.7763123216254903E-005,2.4242931863692448E-006,0.0000000000000000;-0.97003609456874151,0.24288530036772493,0.0000000000000000
1.7802221754798443E-005,2.3746427224098372E-006,0.0000000000000000;-0.96571153641579832,0.25954722183848655,0.0000000000000000
1.7840459846227101E-005,2.3252155853802808E-006,0.0000000000000000;-0.96110081035882966,0.27613223418344779,0.0000000000000000
1.7877841462335440E-005,2.2760265534027552E-006,0.0000000000000000;-0.95620528269569494,0.29263542287852284,0.0000000000000000
1.7914370828710178E-005,2.2270903340388150E-006,0.0000000000000000;-0.95102640411711459,0.30905189764739538,0.0000000000000000
1.7950052423477891E-005,2.1784215599312714E-006,0.0000000000000000;-0.94556570927674788,0.32537679391059648,0.0000000000000000
1.7984890975977905E-005,2.1300347844682774E-006,0.0000000000000000;-0.93982481633639092,0.34160527422696652,0.0000000000000000
1.8018891465360735E-005,2.0819444774709027E-006,0.0000000000000000;-0.93380542648643017,0.35773252972707370,0.0000000000000000
1.8052059119112505E-005,2.0341650209054762E-006,0.0000000000000000;-0.92750932344169412,0.37375378153816469,0.0000000000000000
1.8084399411505797E-005,1.9867107046219681E-006,0.0000000000000000;-0.92093837291285230,0.38966428220022475,0.0000000000000000
1.8115918061977356E-005,1.9395957221196701E-006,0.0000000000000000;-0.91409452205351760,0.40545931707272848,0.0000000000000000
1.8146621033433164E-005,1.8928341663414322E-006,0.0000000000000000;-0.90697979888321711,0.42113420573166344,0.0000000000000000
1.8176514530481366E-005,1.8464400254977009E-006,0.0000000000000000;-0.89959631168640142,0.43668430335641384,0.0000000000000000
1.8205604997593577E-005,1.8004271789215961E-006,0.0000000000000000;-0.89194624838767078,0.45210500210609222,0.0000000000000000
1.8233899117195125E-005,1.7548093929562535E-006,0.0000000000000000;-0.88403187590340404,0.46739173248491234,0.0000000000000000
1.8261403807684783E-005,1.7096003168756546E-006,0.0000000000000000;-0.87585553946998107,0.48253996469619792,0.0000000000000000
1.8288126221384569E-005,1.6648134788401484E-006,0.0000000000000000;-0.86741966194879927,0.49754520998462681,0.0000000000000000
1.8314073742420252E-005,1.6204622818878661E-006,0.0000000000000000;-0.85872674310828945,0.51240302196631216,0.0000000000000000
1.8339253984533168E-005,1.5765599999632164E-006,0.0000000000000000;-0.84977935888314327,0.52710899794632726,0.0000000000000000
1.8363674788823983E-005,1.5331197739836357E-006,0.0000000000000000;-0.84058016061097318,0.54165878022328284,0.0000000000000000
1.8387344221429123E-005,1.4901546079457618E-006,0.0000000000000000;-0.83113187424663015,0.55604805738057117,0.0000000000000000
1.8410270571130495E-005,1.4476773650721821E-006,0.0000000000000000;-0.82143729955441191,0.57027256556389394,0.0000000000000000
1.8432462346899250E-005,1.4057007639998998E-006,0.0000000000000000;-0.81149930927840153,0.58432808974469519,0.0000000000000000
1.8453928275374307E-005,1.3642373750116456E-006,0.0000000000000000;-0.80132084829118255,0.59821046496912567,0.0000000000000000
1.8474677298276376E-005,1.3232996163111533E-006,0.0000000000000000;-0.79090493272118156,0.61191557759216786,0.0000000000000000
1.8494718569758254E-005,1.2828997503435011E-006,0.0000000000000000;-0.78025464905889885,0.62543936649655651,0.0000000000000000
1.8514061453692178E-005,1.2430498801616106E-006,0.0000000000000000;-0.76937315324229005,0.63877782429613317,0.0000000000000000
1.8532715520895044E-005,1.2037619458399782E-006,0.0000000000000000;-0.75826366972157089,0.65192699852327862,0.0000000000000000
1.8550690546292305E-005,1.1650477209367028E-006,0.0000000000000000;-0.74692949050372226,0.66488299280007135,0.0000000000000000
1.8567996506021381E-005,1.1269188090048572E-006,0.0000000000000000;-0.73537397417697825,0.67764196799282428,0.0000000000000000
1.8584643574475467E-005,1.0893866401542370E-006,0.0000000000000000;-0.72360054491558623,0.69020014334965918,0.0000000000000000
1.8600642121288600E-005,1.0524624676645056E-006,0.0000000000000000;-0.71161269146513451,0.70255379762078018,0.0000000000000000
1.8616002708262857E-005,1.0161573646507386E-006,0.0000000000000000;-0.69941396610874751,0.71469927016111567,0.0000000000000000
1.8630736086238636E-005,9.8048222078235654E-007,0.0000000000000000;-0.68700798361445536,0.72663296201500149,0.0000000000000000
1.8644853191908917E-005,9.4544773905641614E-007,0.0000000000000000;-0.67439842016404927,0.73835133698258359,0.0000000000000000
1.8658365144578453E-005,9.1106443262621706E-007,0.0000000000000000;-0.66158901226374112,0.74985092266762510,0.0000000000000000
1.8671283242868858E-005,8.7734262168616442E-007,0.0000000000000000;-0.64858355563694836,0.76112831150640670,0.0000000000000000
1.8683618961370575E-005,8.4429243041380850E-007,0.0000000000000000;-0.63538590409953433,0.77218016177741577,0.0000000000000000
1.8695383947242678E-005,8.1192378396996855E-007,0.0000000000000000;-0.62199996841783545,0.78300319859152534,0.0000000000000000
1.8706590016761580E-005,7.8024640555782948E-007,0.0000000000000000;-0.60842971514981514,0.79359421486236892,0.0000000000000000
1.8717249151819599E-005,7.4926981354188207E-007,0.0000000000000000;-0.59467916546968680,0.80395007225662429,0.0000000000000000
1.8727373496374479E-005,7.1900331862756055E-007,0.0000000000000000;-0.58075239397635436,0.81406770212392465,0.0000000000000000
1.8736975352850875E-005,6.8945602110241354E-007,0.0000000000000000;-0.56665352748602416,0.82394410640612115,0.0000000000000000
1.8746067178494900E-005,6.6063680813962479E-007,0.0000000000000000;-0.55238674380934527,0.83357635852562817,0.0000000000000000
1.8754661581682789E-005,6.3255435116468321E-007,0.0000000000000000;-0.53795627051344019,0.84296160425258759,0.0000000000000000
1.8762771318184789E-005,6.0521710328598261E-007,0.0000000000000000;-0.52336638366919397,0.85209706255059547,0.0000000000000000
1.8770409287385381E-005,5.7863329679011109E-007,0.0000000000000000;-0.50862140658417188,0.86098002640074034,0.0000000000000000
1.8777588528460940E-005,5.5281094070257350E-007,0.0000000000000000;-0.49372570852154130,0.86960786360370912,0.0000000000000000
1.8784322216515996E-005,5.2775781841466872E-007,0.0000000000000000;-0.47868370340537797,0.87797801755972338,0.0000000000000000
1.8790623658679202E-005,5.0348148537722537E-007,0.0000000000000000;-0.46349984851273940,0.88608800802607390,0.0000000000000000
1.8796506290160191E-005,4.7998926686187835E-007,0.0000000000000000;-0.44817864315289352,0.89393543185203028,0.0000000000000000
1.8801983670268488E-005,4.5728825579055089E-007,0.0000000000000000;-0.43272462733409384,0.90151796369090731,0.0000000000000000
1.8807069478395650E-005,4.3538531063378331E-007,0.0000000000000000;-0.41714238041829593,0.90883335668907694,0.0000000000000000
1.8811777509961833E-005,4.1428705337853266E-007,0.0000000000000000;-0.40143651976421402,0.91587944315172209,0.0000000000000000
1.8816121672327962E-005,3.9399986756604417E-007,0.0000000000000000;-0.38561169935911965,0.92265413518513517,0.0000000000000000
1.8820115980674767E-005,3.7452989640037670E-007,0.0000000000000000;-0.36967260843978800,0.92915542531537065,0.0000000000000000
1.8823774553849840E-005,3.5588304092814175E-007,0.0000000000000000;-0.35362397010300006,0.93538138708306839,0.0000000000000000
1.8827111610184000E-005,3.3806495828999569E-007,0.0000000000000000;-0.33747053990601289,0.94133017561427224,0.0000000000000000
1.8830141463278172E-005,3.2108106004440321E-007,0.0000000000000000;-0.32121710445741208,0.94700002816707396,0.0000000000000000
1.8832878517762046E-005,3.0493651056416838E-007,0.0000000000000000;-0.30486847999876454,0.95238926465392071,0.0000000000000000
1.8835337265025754E-005,2.8963622550620850E-007,0.0000000000000000;-0.28842951097749103,0.95749628813943177,0.0000000000000000
1.8837532278925854E-005,2.7518487035502395E-007,0.0000000000000000;-0.27190506861138214,0.96231958531357675,0.0000000000000000
1.8839478211466876E-005,2.6158685904029573E-007,0.0000000000000000;-0.25530004944518264,0.96685772694007499,0.0000000000000000
1.8841189788459709E-005,2.4884635262901970E-007,0.0000000000000000;-0.23861937389967164,0.97110936827988337,0.0000000000000000
1.8842681805158128E-005,2.3696725809256579E-007,0.0000000000000000;-0.22186798481366882,0.97507324948964746,0.0000000000000000
1.8843969121874739E-005,2.2595322714902667E-007,0.0000000000000000;-0.20505084597939863,0.97874819599499752,0.0000000000000000
1.8845066659577652E-005,2.1580765518119926E-007,0.0000000000000000;-0.18817294067164630,0.98213311883857879,0.0000000000000000
1.8845989395469189E-005,2.0653368023051951E-007,0.0000000000000000;-0.17123927017114149,0.98522701500271315,0.0000000000000000
1.8846752358547918E-005,1.9813418206724832E-007,0.0000000000000000;-0.15425485228260699,0.98802896770659665,0.0000000000000000
1.8847370625155346E-005,1.9061178133718451E-007,0.0000000000000000;-0.13722471984791193,0.99053814667794438,0.0000000000000000
1.8847859314508592E-005,1.8396883878515694E-007,0.0000000000000000;-0.12015391925476943,0.99275380839900318,0.0000000000000000
1.8848233584220342E-005,1.7820745455552662E-007,0.0000000000000000;-0.10304750894142106,0.99467529632685781,0.0000000000000000
1.8848508625807443E-005,1.7332946756990518E-007,0.0000000000000000;-8.5910557897750858E-002,0.99630204108796694,0.0000000000000000
1.8848699660189445E-005,1.6933645498227487E-007,0.0000000000000000;-6.8748144163273073E-002,0.99763356064687003,0.0000000000000000
1.8848821933178426E-005,1.6622973171167084E-007,0.0000000000000000;-5.1565353322438633E-002,0.99866946044901628,0.0000000000000000
1.8848890710961452E-005,1.6401035005256461E-007,0.0000000000000000;-3.4367276997706281E-002,0.99940943353767198,0.0000000000000000
1.8848921275576998E-005,1.6267909936306385E-007,0.0000000000000000;-1.7159011340824606E-002,0.99985326064487290,0.0000000000000000
1.8848928920386659E-005,1.6223650583102098E-007,0.0000000000000000;5.4344477227772497E-005,1.0000008102563942,0.0000000000000000
1.8848928945543535E-005,1.6268283231811995E-007,0.0000000000000000;1.7267689777196660E-002,0.99985203865071814,0.0000000000000000
