0.0000000000000000,0.0000000000000000,0.0000000000000000;0.0000000000000000,5.2026000000000003,0.0000000000000000
2.1623860182117303E-009,5.2281774788398381E-007,0.0000000000000000;7.5498995864085400E-002,5.2020526116560912,0.0000000000000000
1.8740107396398706E-008,2.0911682469761853E-006,0.0000000000000000;0.15098210456773900,5.2004105618911627,0.0000000000000000
6.4904193295835265E-008,4.7047323113193687E-006,0.0000000000000000;0.22643344229358459,5.1976741964595163,0.0000000000000000
1.5581944916761367E-007,8.3629706858054933E-006,0.0000000000000000;0.30183713190912453,5.1938440915229540,0.0000000000000000
3.0664126624470209E-007,1.3065124159410932E-005,0.0000000000000000;0.37717730630711072,5.1889210535297501,0.0000000000000000
5.3251243300356609E-007,1.8810213724637466E-005,0.0000000000000000;0.45243811174381732,5.1829061190452519,0.0000000000000000
8.4855994926312199E-007,2.5597040783126014E-005,0.0000000000000000;0.52760371117451565,5.1758005545341286,0.0000000000000000
1.2698918435882543E-006,3.3424187397400302E-005,0.0000000000000000;0.60265828758545215,5.1676058560943394,0.0000000000000000
1.8115939946644492E-006,4.2290016588688163E-005,0.0000000000000000;0.67758604732163308,5.1583237491428466,0.0000000000000000
2.4887269573092816E-006,5.2192672680758654E-005,0.0000000000000000;0.75237122340971740,5.1479561880531692,0.0000000000000000
3.3163227937855471E-006,6.3130081689703288E-005,0.0000000000000000;0.82699807887532317,5.1365053557448261,0.0000000000000000
4.3093819110797438E-006,7.5099951759580497E-005,0.0000000000000000;0.90145091005405165,5.1239736632247643,0.0000000000000000
5.4828699048083639E-006,8.8099773643832683E-005,0.0000000000000000;0.97571404989553556,5.1103637490808831,0.0000000000000000
6.8517144104131415E-006,1.0212682123237566E-004,0.0000000000000000;1.0497718712598205,5.0956784789277290,0.0000000000000000
8.4308019623048496E-006,1.1717815212425084E-004,0.0000000000000000;1.1236087902053886,5.0799209448044973,0.0000000000000000
1.0234974861613642E-005,1.3325060824572114E-004,0.0000000000000000;1.1972092692681329,5.0630944645254718,0.0000000000000000
1.2279028053202179E-005,1.5034081651368181E-004,0.0000000000000000;1.2705578207306025,5.0452025809830090,0.0000000000000000
1.4577706012595821E-005,1.6844518954424822E-004,0.0000000000000000;1.3436390098808235,5.0262490614032505,0.0000000000000000
1.7145699643482227E-005,1.8755992640637334E-004,0.0000000000000000;1.4164374582600217,5.0062378965546781,0.0000000000000000
1.9997643186430374E-005,2.0768101342033760E-004,0.0000000000000000;1.4889378468985635,4.9851732999097118,0.0000000000000000
2.3148111139476927E-005,2.2880422500094560E-004,0.0000000000000000;1.5611249195394341,4.9630597067595037,0.0000000000000000
2.6611615191225215E-005,2.5092512454525338E-004,0.0000000000000000;1.6329834858485825,4.9399017732821155,0.0000000000000000
3.0402601167099643E-005,2.7403906536464242E-004,0.0000000000000000;1.7044984246114567,4.9157043755642844,0.0000000000000000
3.4535445989395677E-005,2.9814119166104514E-004,0.0000000000000000;1.7756546869150589,4.8904726085769648,0.0000000000000000
3.9024454651762566E-005,3.2322643954711970E-004,0.0000000000000000;1.8464372993148572,4.8642117851048736,0.0000000000000000
4.3883857208753138E-005,3.4928953811016133E-004,0.0000000000000000;1.9168313669858879,4.8369274346302467,0.0000000000000000
4.9127805781071870E-005,3.7632501051952834E-004,0.0000000000000000;1.9868220768573865,4.8086253021710617,0.0000000000000000
5.4770371577149115E-005,4.0432717517735288E-004,0.0000000000000000;2.0563947007302907,4.7793113470739454,0.0000000000000000
6.0825541931666129E-005,4.3329014691229572E-004,0.0000000000000000;2.1255345983769636,4.7489917417620262,0.0000000000000000
6.7307217361652113E-005,4.6320783821609786E-004,0.0000000000000000;2.1942272206224849,4.7176728704380047,0.0000000000000000
7.4229208640770510E-005,4.9407396052267023E-004,0.0000000000000000;2.2624581124068661,4.6853613277426858,0.0000000000000000
8.1605233892408427E-005,5.2588202552945537E-004,0.0000000000000000;2.3302129158275404,4.6520639173692810,0.0000000000000000
8.9448915702179191E-005,5.5862534656078635E-004,0.0000000000000000;2.3974773731615029,4.6177876506337485,0.0000000000000000
9.7773778250443812E-005,5.9229703997295755E-004,0.0000000000000000;2.4642373298664508,4.5825397450014718,0.0000000000000000
1.0659324446545285E-004,6.2689002660071649E-004,0.0000000000000000;2.5304787375603057,4.5463276225706100,0.0000000000000000
1.1592063319770671E-004,6.6239703324487344E-004,0.0000000000000000;2.5961876569784872,4.5091589085123864,0.0000000000000000
1.2576915641612701E-004,6.9881059420071967E-004,0.0000000000000000;2.6613502609083217,4.4710414294686824,0.0000000000000000
1.3615191642662807E-004,7.3612305282693585E-004,0.0000000000000000;2.7259528370999568,4.4319832119072604,0.0000000000000000
1.4708190311367200E-004,7.7432656315466330E-004,0.0000000000000000;2.7899817911531937,4.3919924804349453,0.0000000000000000
1.5857199120538747E-004,8.1341309153640240E-004,0.0000000000000000;2.8534236493796072,4.3510776560691333,0.0000000000000000
1.7063493756282568E-004,8.5337441833439540E-004,0.0000000000000000;2.9162650616393733,4.3092473544679759,0.0000000000000000
1.8328337849392358E-004,8.9420213964814036E-004,0.0000000000000000;2.9784928041521850,4.2665103841196181,0.0000000000000000
1.9652982709273873E-004,9.3588766908067622E-004,0.0000000000000000;3.0400937822816916,4.2228757444908531,0.0000000000000000
2.1038667060451415E-004,9.7842223954327221E-004,0.0000000000000000;3.1010550332928566,4.1783526241356066,0.0000000000000000
2.2486616781712833E-004,1.0217969050981426E-003,0.0000000000000000;3.1613637290816627,4.1329503987636125,0.0000000000000000
2.3998044647947710E-004,1.0660025428388053E-003,0.0000000000000000;3.2210071788765933,4.0866786292697093,0.0000000000000000
2.5574150074733171E-004,1.1110298548076866E-003,0.0000000000000000;3.2799728319113113,4.0395470597241543,0.0000000000000000
2.7216118865720914E-004,1.1568693699505834E-003,0.0000000000000000;3.3382482800679889,3.9915656153243719,0.0000000000000000
2.8925122962878639E-004,1.2035114461075587E-003,0.0000000000000000;3.3958212604907145,3.9427444003085883,0.0000000000000000
3.0702320199638426E-004,1.2509462720398698E-003,0.0000000000000000;3.4526796581684449,3.8930936958317495,0.0000000000000000
3.2548854057003971E-004,1.2991638694924974E-003,0.0000000000000000;3.5088115084869460,3.8426239578041992,0.0000000000000000
3.4465853422668114E-004,1.3481540952918502E-003,0.0000000000000000;3.5642049997491898,3.7913458146935488,0.0000000000000000
3.6454432353191156E-004,1.3979066434782002E-003,0.0000000000000000;3.6188484756636812,3.7392700652902082,0.0000000000000000
3.8515689839290266E-004,1.4484110474724109E-003,0.0000000000000000;3.6727304378001802,3.6864076764370375,0.0000000000000000
4.0650709574289269E-004,1.4996566822765057E-003,0.0000000000000000;3.7258395480123139,3.6327697807235961,0.0000000000000000
4.2860559725777729E-004,1.5516327667076070E-003,0.0000000000000000;3.7781646308265584,3.5783676741454755,0.0000000000000000
4.5146292710527175E-004,1.6043283656647924E-003,0.0000000000000000;3.8296946757970964,3.5232128137291934,0.0000000000000000
4.7508944972712256E-004,1.6577323924283857E-003,0.0000000000000000;3.8804188398260457,3.4673168151231599,0.0000000000000000
4.9949536765483331E-004,1.7118336109912073E-003,0.0000000000000000;3.9303264494485766,3.4106914501552024,0.0000000000000000
5.2469071935936599E-004,1.7666206384212928E-003,0.0000000000000000;3.9794070030824296,3.3533486443571756,0.0000000000000000
5.5068537713527210E-004,1.8220819472555883E-003,0.0000000000000000;4.0276501732413621,3.2953004744571666,0.0000000000000000
5.7748904501969971E-004,1.8782058679241236E-003,0.0000000000000000;4.0750458087120602,3.2365591658398118,0.0000000000000000
6.0511125674671457E-004,1.9349805912041512E-003,0.0000000000000000;4.1215839366940559,3.1771370899752776,0.0000000000000000
6.3356137373736814E-004,1.9923941707037452E-003,0.0000000000000000;4.1672547649021867,3.1170467618174134,0.0000000000000000
6.6284858312593757E-004,2.0504345253743363E-003,0.0000000000000000;4.2120486836311670,3.0563008371716482,0.0000000000000000
6.9298189582275285E-004,2.1090894420516550E-003,0.0000000000000000;4.2559562677818343,2.9949121100331646,0.0000000000000000
7.2397014461402268E-004,2.1683465780245569E-003,0.0000000000000000;4.2989682788486334,2.9328935098959148,0.0000000000000000
7.5582198229905801E-004,2.2281934636311945E-003,0.0000000000000000;4.3410756668679227,2.8702580990330344,0.0000000000000000
7.8854587986528966E-004,2.2886175048819823E-003,0.0000000000000000;4.3822695723266989,2.8070190697492334,0.0000000000000000
8.2215012470146531E-004,2.3496059861088155E-003,0.0000000000000000;4.4225413280313157,2.7431897416057249,0.0000000000000000
8.5664281884940280E-004,2.4111460726399820E-003,0.0000000000000000;4.4618824609358301,2.6787835586182882,0.0000000000000000
8.9203187729467153E-004,2.4732248135002173E-003,0.0000000000000000;4.5002846939295527,2.6138140864290431,0.0000000000000000
9.2832502629656250E-004,2.5358291441353225E-003,0.0000000000000000;4.5377399475834732,2.5482950094525276,0.0000000000000000
9.6552980175770267E-004,2.5989458891607859E-003,0.0000000000000000;4.5742403418551314,2.4822401279966795,0.0000000000000000
1.0036535476336571E-003,2.6625617651338308E-003,0.0000000000000000;4.6097781977516217,2.4156633553593250,0.0000000000000000
1.0427034143828577E-003,2.7266633833483061E-003,0.0000000000000000;4.6443460389503572,2.3485787149007802,0.0000000000000000
1.0826863574571858E-003,2.7912372526518337E-003,0.0000000000000000;4.6779365933772432,2.2810003370931793,0.0000000000000000
1.1236091358335315E-003,2.8562697822846301E-003,0.0000000000000000;4.7105427947419454,2.2129424565471498,0.0000000000000000
1.1654783105866395E-003,2.9217472847393950E-003,0.0000000000000000;4.7421577840299056,2.1444194090164550,0.0000000000000000
1.2083002435035459E-003,2.9876559786416786E-003,0.0000000000000000;4.7727749109508091,2.0754456283812330,0.0000000000000000
1.2520810957398986E-003,3.0539819916501178E-003,0.0000000000000000;4.8023877353431743,2.0060356436104634,0.0000000000000000
1.2968268265184484E-003,3.1207113633759326E-003,0.0000000000000000;4.8309900285347762,1.9362040757043009,0.0000000000000000
1.3425431918699915E-003,3.1878300483210776E-003,0.0000000000000000;4.8585757746586173,1.8659656346169140,0.0000000000000000
1.3892357434170234E-003,3.2553239188344248E-003,0.0000000000000000;4.8851391719241652,1.7953351161604769,0.0000000000000000
1.4369098272003719E-003,3.3231787680853596E-003,0.0000000000000000;4.9106746338435796,1.7243273988909611,0.0000000000000000
1.4855705825490527E-003,3.3913803130541653E-003,0.0000000000000000;4.9351767904126618,1.6529574409763832,0.0000000000000000
1.5352229409935940E-003,3.4599141975385785E-003,0.0000000000000000;4.9586404892463047,1.5812402770481619,0.0000000000000000
1.5858716252230597E-003,3.5287659951758659E-003,0.0000000000000000;4.9810607966681504,1.5091910150362506,0.0000000000000000
1.6375211480859947E-003,3.5979212124798046E-003,0.0000000000000000;5.0024329987542799,1.4368248329887034,0.0000000000000000
1.6901758116355059E-003,3.6673652918919200E-003,0.0000000000000000;5.0227526023306659,1.3641569758763477,0.0000000000000000
1.7438397062186839E-003,3.7370836148463440E-003,0.0000000000000000;5.0420153359241908,1.2912027523832312,0.0000000000000000
1.7985167096105615E-003,3.8070615048476485E-003,0.0000000000000000;5.0602171506670341,1.2179775316835186,0.0000000000000000
1.8542104861927939E-003,3.8772842305610060E-003,0.0000000000000000;5.0773542211542289,1.1444967402055135,0.0000000000000000
1.9109244861772352E-003,3.9477370089140333E-003,0.0000000000000000;5.0934229462541980,1.0707758583834870,0.0000000000000000
1.9686619448745861E-003,4.0184050082096613E-003,0.0000000000000000;5.1084199498720926,0.99683041739799394,0.0000000000000000
2.0274258820082609E-003,4.0892733512493760E-003,0.0000000000000000;5.1223420816657885,0.92267599590536542,0.0000000000000000
2.0872191010736269E-003,4.1603271184661858E-003,0.0000000000000000;5.1351864177143636,0.84832821675705727,0.0000000000000000
2.1480441887427580E-003,4.2315513510666385E-003,0.0000000000000000;5.1469502611389171,0.77380274370955349,0.0000000000000000
2.2099035143148247E-003,4.3029310541812362E-003,0.0000000000000000;5.1576311426756121,0.69911527812550922,0.0000000000000000
2.2727992292122467E-003,4.3744512000225971E-003,0.0000000000000000;5.1672268212007815,0.62428155566683119,0.0000000000000000
2.3367332665227142E-003,4.4460967310506793E-003,0.0000000000000000;5.1757352842080246,0.54931734298038870,0.0000000000000000
2.4017073405871799E-003,4.5178525631444019E-003,0.0000000000000000;5.1831547482371594,0.47423843437705365,0.0000000000000000
2.4677229466339139E-003,4.5897035887790278E-003,0.0000000000000000;5.1894836592549476,0.39906064850476830,0.0000000000000000
2.5347813604586944E-003,4.6616346802085939E-003,0.0000000000000000;5.1947206929875023,0.32379982501633997,0.0000000000000000
2.6028836381512244E-003,4.7336306926527537E-003,0.0000000000000000;5.1988647552043163,0.24847182123266529,0.0000000000000000
2.6720306158678105E-003,4.8056764674873423E-003,0.0000000000000000;5.2019149819538280,0.17309250880208496,0.0000000000000000
2.7422229096503796E-003,4.8777568354380005E-003,0.0000000000000000;5.2038707397504957,9.7677770356574392E-002,0.0000000000000000
2.8134609152918586E-003,4.9498566197761834E-003,0.0000000000000000;5.2047316257133058,2.2243496165472044E-002,0.0000000000000000
2.8857448082479620E-003,5.0219606395168811E-003,0.0000000000000000;5.2044974676557114,-5.3194419212547792E-002,0.0000000000000000
2.9590745435953965E-003,5.0940537126173743E-003,0.0000000000000000;5.2031683241269562,-0.12862008027855357,0.0000000000000000
3.0334498560365113E-003,5.1661206591763539E-003,0.0000000000000000;5.2007444844047912,-0.20401759394278024,0.0000000000000000
3.1088702599503847E-003,5.2381463046327339E-003,0.0000000000000000;5.1972264684395491,-0.27937107287369267,0.0000000000000000
3.1853350494903477E-003,5.3101154829634737E-003,0.0000000000000000;5.1926150267496256,-0.35466463884598265,0.0000000000000000
3.2628432987279205E-003,5.3820130398797459E-003,0.0000000000000000;5.1869111402683501,-0.42988242608679372,0.0000000000000000
3.3413938618431479E-003,5.4538238360207691E-003,0.0000000000000000;5.1801160201422967,-0.50500858461946796,0.0000000000000000
3.4209853733612829E-003,5.5255327501446318E-003,0.0000000000000000;5.1722311074810587,-0.58002728360411049,0.0000000000000000
3.5016162484357840E-003,5.5971246823154405E-003,0.0000000000000000;5.1632580730585467,-0.65492271467426610,0.0000000000000000
3.5832846831775652E-003,5.6685845570861168E-003,0.0000000000000000;5.1531988169658520,-0.72967909526900476,0.0000000000000000
3.6659886550304355E-003,5.7398973266761591E-003,0.0000000000000000;5.1420554682157711,-0.80428067195971220,0.0000000000000000
3.7497259231926506E-003,5.8110479741437333E-003,0.0000000000000000;5.1298303842990460,-0.87871172377088436,0.0000000000000000
3.8344940290844930E-003,5.8820215165513732E-003,0.0000000000000000;5.1165261506924216,-0.95295656549422481,0.0000000000000000
3.9202902968617894E-003,5.9528030081246706E-003,0.0000000000000000;5.1021455803186146,-1.0269995509953440,0.0000000000000000
4.0071118339752533E-003,6.0233775434032520E-003,0.0000000000000000;5.0866917129583094,-1.1008250765123648,0.0000000000000000
4.0949555317755420E-003,6.0937302603833905E-003,0.0000000000000000;5.0701678146143010,-1.1744175839457345,0.0000000000000000
4.1838180661639118E-003,6.1638463436516034E-003,0.0000000000000000;5.0525773768278937,-1.2477615641385509,0.0000000000000000
4.2736958982883284E-003,6.2337110275085452E-003,0.0000000000000000;5.0339241159477366,-1.3208415601467094,0.0000000000000000
4.3645852752848902E-003,6.3033095990825596E-003,0.0000000000000000;5.0142119723512124,-1.3936421704981778,0.0000000000000000
4.4564822310644197E-003,6.3726274014322126E-003,0.0000000000000000;4.9934451096185493,-1.4661480524407136,0.0000000000000000
4.5493825871440437E-003,6.4416498366371769E-003,0.0000000000000000;4.9716279136598285,-1.5383439251773341,0.0000000000000000
4.6432819535236263E-003,6.5103623688767759E-003,0.0000000000000000;4.9487649917950636,-1.6102145730888571,0.0000000000000000
4.7381757296068175E-003,6.5787505274955867E-003,0.0000000000000000;4.9248611717875601,-1.6817448489428295,0.0000000000000000
4.8340591051665863E-003,6.6467999100553992E-003,0.0000000000000000;4.8999215008307120,-1.7529196770881679,0.0000000000000000
4.9309270613549956E-003,6.7144961853729344E-003,0.0000000000000000;4.8739512444885049,-1.8237240566348336,0.0000000000000000
5.0287743717570303E-003,6.7818250965426489E-003,0.0000000000000000;4.8469558855898907,-1.8941430646178661,0.0000000000000000
5.1275956034882494E-003,6.8487724639439860E-003,0.0000000000000000;4.8189411230773009,-1.9641618591451140,0.0000000000000000
5.2273851183360399E-003,6.9153241882324639E-003,0.0000000000000000;4.7899128708095144,-2.0337656825279904,0.0000000000000000
5.3281370739442389E-003,6.9814662533139345E-003,0.0000000000000000;4.7598772563191458,-2.1029398643945889,0.0000000000000000
5.4298454250408601E-003,7.0471847293014107E-003,0.0000000000000000;4.7288406195250019,-2.1716698247845110,0.0000000000000000
5.5325039247086953E-003,7.1124657754538115E-003,0.0000000000000000;4.6968095113995787,-2.2399410772247350,0.0000000000000000
5.6361061256984890E-003,7.1772956430960220E-003,0.0000000000000000;4.6637906925919790,-2.3077392317858916,0.0000000000000000
5.7406453817844599E-003,7.2416606785196454E-003,0.0000000000000000;4.6297911320065337,-2.3750499981182842,0.0000000000000000
5.8461148491618419E-003,7.3055473258638306E-003,0.0000000000000000;4.5948180053374239,-2.4418591884670211,0.0000000000000000
5.9525074878861769E-003,7.3689421299755519E-003,0.0000000000000000;4.5588786935596195,-2.5081527206656142,0.0000000000000000
6.0598160633540538E-003,7.4318317392487610E-003,0.0000000000000000;4.5219807813764277,-2.5739166211074136,0.0000000000000000
6.1680331478249795E-003,7.4942029084417976E-003,0.0000000000000000;4.4841320556240047,-2.6391370276942476,0.0000000000000000
6.2771511219840669E-003,7.5560425014724441E-003,0.0000000000000000;4.4453405036331386,-2.7038001927616437,0.0000000000000000
6.3871621765452160E-003,7.6173374941900700E-003,0.0000000000000000;4.4056143115486730,-2.7678924859800103,0.0000000000000000
6.4980583138944479E-003,7.6780749771242357E-003,0.0000000000000000;4.3649618626068882,-2.8314003972311594,0.0000000000000000
6.6098313497730387E-003,7.7382421582092029E-003,0.0000000000000000;4.3233917353712368,-2.8943105394595707,0.0000000000000000
6.7224729150001271E-003,7.7978263654837638E-003,0.0000000000000000;4.2809127019267850,-2.9566096514977822,0.0000000000000000
6.8359744572343960E-003,7.8568150497658230E-003,0.0000000000000000;4.2375337260337345,-3.0182846008653135,0.0000000000000000
6.9503272427744994E-003,7.9151957873011408E-003,0.0000000000000000;4.1932639612404294,-3.0793223865405239,0.0000000000000000
7.0655223583978195E-003,7.9729562823857101E-003,0.0000000000000000;4.1481127489562271,-3.1397101417048261,0.0000000000000000
7.1815507132371994E-003,8.0300843699611865E-003,0.0000000000000000;4.1020896164846441,-3.1994351364586606,0.0000000000000000
7.2984030406952312E-003,8.0865680181828395E-003,0.0000000000000000;4.0552042750171982,-3.2584847805086672,0.0000000000000000
7.4160699003957137E-003,8.1423953309594354E-003,0.0000000000000000;4.0074666175883520,-3.3168466258254683,0.0000000000000000
7.5345416801718638E-003,8.1975545504646002E-003,0.0000000000000000;3.9588867169920037,-3.3745083692715165,0.0000000000000000
7.6538085980908648E-003,8.2520340596190303E-003,0.0000000000000000;3.9094748236599535,-3.4314578551984387,0.0000000000000000
7.7738607045143232E-003,8.3058223845430736E-003,0.0000000000000000;3.8592413635027945,-3.4876830780133226,0.0000000000000000
7.8946878841942066E-003,8.3589081969791743E-003,0.0000000000000000;3.8081969357136822,-3.5431721847134114,0.0000000000000000
8.0162798584038023E-003,8.4112803166836482E-003,0.0000000000000000;3.7563523105354486,-3.5979134773886572,0.0000000000000000
8.1386261871032890E-003,8.4629277137872501E-003,0.0000000000000000;3.7037184269915229,-3.6518954156916088,0.0000000000000000
8.2617162711394153E-003,8.5138395111240897E-003,0.0000000000000000;3.6503063905811466,-3.7051066192741042,0.0000000000000000
8.3855393544788638E-003,8.5640049865283660E-003,0.0000000000000000;3.5961274709393560,-3.7575358701902570,0.0000000000000000
8.5100845264747781E-003,8.6134135750984345E-003,0.0000000000000000;3.5411930994622418,-3.8091721152652158,0.0000000000000000
8.6353407241660657E-003,8.6620548714277500E-003,0.0000000000000000;3.4855148668979683,-3.8600044684292047,0.0000000000000000
8.7612967346088928E-003,8.7099186318021476E-003,0.0000000000000000;3.4291045209040760,-3.9100222130163367,0.0000000000000000
8.8879411972399135E-003,8.7569947763630907E-003,0.0000000000000000;3.3719739635715675,-3.9592148040277269,0.0000000000000000
9.0152626062707918E-003,8.8032733912363475E-003,0.0000000000000000;3.3141352489163132,-4.0075718703584045,0.0000000000000000
9.1432493131134041E-003,8.8487447306256576E-003,0.0000000000000000;3.2556005803382968,-4.0550832169875699,0.0000000000000000
9.2718895288353264E-003,8.8933992188709992E-003,0.0000000000000000;3.1963823080492384,-4.1017388271317126,0.0000000000000000
9.4011713266449817E-003,8.9372274524709330E-003,0.0000000000000000;3.1364929264691432,-4.1475288643601571,0.0000000000000000
9.5310826444060023E-003,8.9802202020686506E-003,0.0000000000000000;3.0759450715923147,-4.1924436746725497,0.0000000000000000
9.6616112871802315E-003,9.0223684144012904E-003,0.0000000000000000;3.0147515183233979,-4.2364737885378849,0.0000000000000000
9.7927449297988481E-003,9.0636632142121181E-003,0.0000000000000000;2.9529251777840155,-4.2796099228946058,0.0000000000000000
9.9244711194610754E-003,9.1040959061251328E-003,0.0000000000000000;2.8904790945905576,-4.3218429831113765,0.0000000000000000
1.0056777278359880E-002,9.1436579764817387E-003,0.0000000000000000;2.8274264441037067,-4.3631640649080898,0.0000000000000000
1.0189650706334182E-002,9.1823410951390495E-003,0.0000000000000000;2.7637805296502780,-4.4035644562367100,0.0000000000000000
1.0323078583546948E-002,9.2201371172294933E-003,0.0000000000000000;2.6995547797179591,-4.4430356391215620,0.0000000000000000
1.0457047973188641E-002,9.2570380848813003E-003,0.0000000000000000;2.6347627451235476,-4.4815692914586478,0.0000000000000000
1.0591545824205430E-002,9.2930362288995132E-003,0.0000000000000000;2.5694180961552799,-4.5191572887736298,0.0000000000000000
1.0726558974051606E-002,9.3281239704072066E-003,0.0000000000000000;2.5035346196898538,-4.5557917059381152,0.0000000000000000
1.0862074151465600E-002,9.3622939224465001E-003,0.0000000000000000;2.4371262162847653,-4.5914648188438276,0.0000000000000000
1.0998077979269048E-002,9.3955388915390597E-003,0.0000000000000000;2.3702068972465637,-4.6261691060343777,0.0000000000000000
1.1134556977188258E-002,9.4278518792057734E-003,0.0000000000000000;2.3027907816756437,-4.6598972502942280,0.0000000000000000
1.1271497564697549E-002,9.4592260834452293E-003,0.0000000000000000;2.2348920934882144,-4.6926421401945468,0.0000000000000000
1.1408886063883787E-002,9.4896549001707263E-003,0.0000000000000000;2.1665251584160563,-4.7243968715956095,0.0000000000000000
1.1546708702331590E-002,9.5191319246054808E-003,0.0000000000000000;2.0977044009847159,-4.7551547491054222,0.0000000000000000
1.1684951616028521E-002,9.5476509526357511E-003,0.0000000000000000;2.0284443414707698,-4.7849092874942754,0.0000000000000000
1.1823600852289706E-002,9.5752059821215835E-003,0.0000000000000000;1.9587595928388033,-4.8136542130649094,0.0000000000000000
1.1962642372701227E-002,9.6017912141649047E-003,0.0000000000000000;1.8886648576587526,-4.8413834649780023,0.0000000000000000
1.2102062056081664E-002,9.6274010543346729E-003,0.0000000000000000;1.8181749250042669,-4.8680911965327045,0.0000000000000000
1.2241845701461199E-002,9.6520301138488668E-003,0.0000000000000000;1.7473046673327368,-4.8937717764019490,0.0000000000000000
1.2381979031077604E-002,9.6756732107130192E-003,0.0000000000000000;1.6760690373476654,-4.9184197898222521,0.0000000000000000
1.2522447693388507E-002,9.6983253708150530E-003,0.0000000000000000;1.6044830648440267,-4.9420300397377934,0.0000000000000000
1.2663237266099284E-002,9.7199818289762426E-003,0.0000000000000000;1.5325618535372996,-4.9645975478984798,0.0000000000000000
1.2804333259205941E-002,9.7406380299579973E-003,0.0000000000000000;1.4603205778768333,-4.9861175559117994,0.0000000000000000
1.2945721118052351E-002,9.7602896294243183E-003,0.0000000000000000;1.3877744798442277,-5.0065855262482328,0.0000000000000000
1.3087386226401180E-002,9.7789324948596833E-003,0.0000000000000000;1.3149388657374044,-5.0259971431999828,0.0000000000000000
1.3229313909517855E-002,9.7965627064421686E-003,0.0000000000000000;1.2418291029410502,-5.0443483137928604,0.0000000000000000
1.3371489437266952E-002,9.8131765578716654E-003,0.0000000000000000;1.1684606166841163,-5.0616351686510868,0.0000000000000000
1.3513898027220281E-002,9.8287705571529303E-003,0.0000000000000000;1.0948488867850603,-5.0778540628148718,0.0000000000000000
1.3656524847776085E-002,9.8433414273333981E-003,0.0000000000000000;1.0210094443855227,-5.0930015765105559,0.0000000000000000
1.3799355021288654E-002,9.8568861071955290E-003,0.0000000000000000;0.94695786867312670,-5.1070745158731787,0.0000000000000000
1.3942373627207664E-002,9.8694017519035653E-003,0.0000000000000000;0.87270978359409901,-5.1200699136213101,0.0000000000000000
1.4085565705226644E-002,9.8808857336045875E-003,0.0000000000000000;0.79828085455640663,-5.1319850296839933,0.0000000000000000
1.4228916258439844E-002,9.8913356419836826E-003,0.0000000000000000;0.72368678512410767,-5.1428173517796738,0.0000000000000000
1.4372410256506854E-002,9.9007492847731672E-003,0.0000000000000000;0.64894331370361902,-5.1525645959469983,0.0000000000000000
1.4516032638824330E-002,9.9091246882157119E-003,0.0000000000000000;0.57406621022260185,-5.1612247070273538,0.0000000000000000
1.4659768317704098E-002,9.9164600974812975E-003,0.0000000000000000;0.49907127280216773,-5.1687958590990588,0.0000000000000000
1.4803602181557015E-002,9.9227539770379031E-003,0.0000000000000000;0.42397432442311345,-5.1752764558630995,0.0000000000000000
1.4947519098081893E-002,9.9280050109758333E-003,0.0000000000000000;0.34879120958688942,-5.1806651309803415,0.0000000000000000
1.5091503917458792E-002,9.9322121032856536E-003,0.0000000000000000;0.27353779097200970,-5.1849607483601519,0.0000000000000000
1.5235541475546037E-002,9.9353743780896276E-003,0.0000000000000000;0.19822994608661276,-5.1881624024003372,0.0000000000000000
1.5379616597080268E-002,9.9374911798266359E-003,0.0000000000000000;0.12288356391788195,-5.1902694181783824,0.0000000000000000
1.5523714098878824E-002,9.9385620733905451E-003,0.0000000000000000;4.7514541579037312E-002,-5.1912813515939389,0.0000000000000000
1.5667818793043829E-002,9.9385868442219659E-003,0.0000000000000000;-2.7861219045392020E-002,-5.1911979894625189,0.0000000000000000
1.5811915490167250E-002,9.9375654983533974E-003,0.0000000000000000;-0.10322781465530267,-5.1900193495603846,0.0000000000000000
1.5955989002536263E-002,9.9354982624077753E-003,0.0000000000000000;-0.17856934389104803,-5.1877456806206421,0.0000000000000000
1.6100024147338295E-002,9.9323855835503679E-003,0.0000000000000000;-0.25386991068905390,-5.1843774622804952,0.0000000000000000
1.6244005749864995E-002,9.9282281293940726E-003,0.0000000000000000;-0.32911362763630753,-5.1799154049797203,0.0000000000000000
1.6387918646714447E-002,9.9230267878581274E-003,0.0000000000000000;-0.40428461932300869,-5.1743604498103517,0.0000000000000000
1.6531747688991055E-002,9.9167826669802530E-003,0.0000000000000000;-0.47936702569267214,-5.1677137683176264,0.0000000000000000
1.6675477745502300E-002,9.9094970946822878E-003,0.0000000000000000;-0.55434500538897202,-5.1599767622522075,0.0000000000000000
1.6819093705951749E-002,9.9011716184893243E-003,0.0000000000000000;-0.62920273909861701,-5.1511510632737778,0.0000000000000000
1.6962580484127621E-002,9.8918080052024706E-003,0.0000000000000000;-0.70392443288954987,-5.1412385326060317,0.0000000000000000
1.7105923021086267E-002,9.8814082405252416E-003,0.0000000000000000;-0.77849432154376075,-5.1302412606431558,0.0000000000000000
1.7249106288329843E-002,9.8699745286437088E-003,0.0000000000000000;-0.85289667188401241,-5.1181615665078750,0.0000000000000000
1.7392115290977526E-002,9.8575092917604721E-003,0.0000000000000000;-0.92711578609376777,-5.1050019975611676,0.0000000000000000
1.7534935070929600E-002,9.8440151695825626E-003,0.0000000000000000;-1.0011360050296172,-5.0907653288637471,0.0000000000000000
1.7677550710023769E-002,9.8294950187633751E-003,0.0000000000000000;-1.0749417115255060,-5.0754545625894227,0.0000000000000000
1.7819947333182942E-002,9.8139519122987691E-003,0.0000000000000000;-1.1485173336880599,-5.0590729273904733,0.0000000000000000
1.7962110111553933E-002,9.7973891388774478E-003,0.0000000000000000;-1.2218473481823082,-5.0416238777151632,0.0000000000000000
1.8104024265636343E-002,9.7798102021857628E-003,0.0000000000000000;-1.2949162835071133,-5.0231110930775440,0.0000000000000000
1.8245675068400947E-002,9.7612188201670960E-003,0.0000000000000000;-1.3677087232596081,-5.0035384772797125,0.0000000000000000
1.8387047848397012E-002,9.7416189242359678E-003,0.0000000000000000;-1.4402093093879520,-4.9829101575866606,0.0000000000000000
1.8528127992847782E-002,9.7210146584470452E-003,0.0000000000000000;-1.5124027454317155,-4.9612304838539343,0.0000000000000000
1.8668900950733536E-002,9.6994103786192214E-003,0.0000000000000000;-1.5842737997492065,-4.9385040276082508,0.0000000000000000
1.8809352235861578E-002,9.6768106514149750E-003,0.0000000000000000;-1.6558073087310563,-4.9147355810812821,0.0000000000000000
1.8949467429922422E-002,9.6532202533751669E-003,0.0000000000000000;-1.7269881799993836,-4.8899301561968320,0.0000000000000000
1.9089232185531685E-002,9.6286441699095053E-003,0.0000000000000000;-1.7978013955918566,-4.8640929835115854,0.0000000000000000
1.9228632229256821E-002,9.6030875942429098E-003,0.0000000000000000;-1.8682320151299860,-4.8372295111096850,0.0000000000000000
1.9367653364628288E-002,9.5765559263179551E-003,0.0000000000000000;-1.9382651789709671,-4.8093454034513554,0.0000000000000000
1.9506281475134349E-002,9.5490547716536745E-003,0.0000000000000000;-2.0078861113424145,-4.7804465401758307,0.0000000000000000
1.9644502527198938E-002,9.5205899401609260E-003,0.0000000000000000;-2.0770801234593192,-4.7505390148588313,0.0000000000000000
1.9782302573141917E-002,9.4911674449146190E-003,0.0000000000000000;-2.1458326166225712,-4.7196291337248555,0.0000000000000000
1.9919667754121198E-002,9.4607935008830021E-003,0.0000000000000000;-2.2141290852983850,-4.6877234143145809,0.0000000000000000
2.0056584303055958E-002,9.4294745236143604E-003,0.0000000000000000;-2.2819551201779933,-4.6548285841076185,0.0000000000000000
2.0193038547530476E-002,9.3972171278813230E-003,0.0000000000000000;-2.3492964112169359,-4.6209515791009519,0.0000000000000000
2.0329016912677855E-002,9.3640281262831176E-003,0.0000000000000000;-2.4161387506533263,-4.5860995423433488,0.0000000000000000
2.0464505924043131E-002,9.3299145278060731E-003,0.0000000000000000;-2.4824680360044407,-4.5502798224260541,0.0000000000000000
2.0599492210425039E-002,9.2948835363426529E-003,0.0000000000000000;-2.5482702730409992,-4.5134999719300923,0.0000000000000000
2.0733962506695958E-002,9.2589425491693342E-003,0.0000000000000000;-2.6135315787385140,-4.4757677458305043,0.0000000000000000
2.0867903656599351E-002,9.2220991553836826E-003,0.0000000000000000;-2.6782381842050778,-4.4370910998578665,0.0000000000000000
2.1001302615524169E-002,9.1843611343009387E-003,0.0000000000000000;-2.7423764375849746,-4.3974781888174341,0.0000000000000000
2.1134146453255578E-002,9.1457364538104439E-003,0.0000000000000000;-2.8059328069374940,-4.3569373648662699,0.0000000000000000
2.1266422356701436E-002,9.1062332686922959E-003,0.0000000000000000;-2.8688938830903483,-4.3154771757487236,0.0000000000000000
2.1398117632594024E-002,9.0658599188945428E-003,0.0000000000000000;-2.9312463824670849,-4.2731063629906361,0.0000000000000000
2.1529219710166348E-002,9.0246249277713304E-003,0.0000000000000000;-2.9929771498878921,-4.2298338600526639,0.0000000000000000
2.1659716143802493E-002,8.9825370002823215E-003,0.0000000000000000;-3.0540731613432190,-4.1856687904430965,0.0000000000000000
2.1789594615661514E-002,8.9396050211538545E-003,0.0000000000000000;-3.1145215267396109,-4.1406204657905903,0.0000000000000000
2.1918842938274192E-002,8.8958380530021232E-003,0.0000000000000000;-3.1743094926171849,-4.0946983838772120,0.0000000000000000
2.2047449057112291E-002,8.8512453344188821E-003,0.0000000000000000;-3.2334244448381755,-4.0479122266322225,0.0000000000000000
2.2175401053129557E-002,8.8058362780200176E-003,0.0000000000000000;-3.2918539112459793,-4.0002718580870225,0.0000000000000000
2.2302687145274096E-002,8.7596204684574231E-003,0.0000000000000000;-3.3495855642941339,-3.9517873222916906,0.0000000000000000
2.2429295692971519E-002,8.7126076603945921E-003,0.0000000000000000;-3.4066072236446829,-3.9024688411935671,0.0000000000000000
2.2555215198578341E-002,8.6648077764463934E-003,0.0000000000000000;-3.4629068587353737,-3.8523268124783296,0.0000000000000000
2.2680434309805115E-002,8.6162309050834048E-003,0.0000000000000000;-3.5184725913151498,-3.8013718073740130,0.0000000000000000
2.2804941822108831E-002,8.5668872985013040E-003,0.0000000000000000;-3.5732926979474011,-3.7496145684184579,0.0000000000000000
2.2928726681053987E-002,8.5167873704557664E-003,0.0000000000000000;-3.6273556124804456,-3.6970660071906409,0.0000000000000000
2.3051777984641947E-002,8.4659416940632681E-003,0.0000000000000000;-3.6806499284847192,-3.6437372020063901,0.0000000000000000
2.3174084985607996E-002,8.4143609995683717E-003,0.0000000000000000;-3.7331644016561594,-3.5896393955789572,0.0000000000000000
2.3295637093685650E-002,8.3620561720778603E-003,0.0000000000000000;-3.7848879521852861,-3.5347839926449605,0.0000000000000000
2.3416423877837780E-002,8.3090382492622683E-003,0.0000000000000000;-3.8358096670914645,-3.4791825575561819,0.0000000000000000
2.3536435068454008E-002,8.2553184190252687E-003,0.0000000000000000;-3.8859188025218736,-3.4228468118377577,0.0000000000000000
2.3655660559513937E-002,8.2009080171414270E-003,0.0000000000000000;-3.9352047860146824,-3.3657886317132544,0.0000000000000000
2.3774090410715813E-002,8.1458185248628034E-003,0.0000000000000000;-3.9836572187259698,-3.3080200455971753,0.0000000000000000
2.3891714849570089E-002,8.0900615664949542E-003,0.0000000000000000;-4.0312658776199166,-3.2495532315554203,0.0000000000000000
2.4008524273457520E-002,8.0336489069427856E-003,0.0000000000000000;-4.0780207176217997,-3.1904005147342391,0.0000000000000000
2.4124509251651296E-002,7.9765924492268287E-003,0.0000000000000000;-4.1239118737333431,-3.1305743647582287,0.0000000000000000
2.4239660527302843E-002,7.9189042319704646E-003,0.0000000000000000;-4.1689296631099895,-3.0700873930979244,0.0000000000000000
2.4353969019390822E-002,7.8605964268585651E-003,0.0000000000000000;-4.2130645870996348,-3.0089523504075388,0.0000000000000000
2.4467425824632998E-002,7.8016813360682127E-003,0.0000000000000000;-4.2563073332424199,-2.9471821238334264,0.0000000000000000
2.4580022219360422E-002,7.7421713896719032E-003,0.0000000000000000;-4.2986487772311355,-2.8847897342938289,0.0000000000000000
2.4691749661353766E-002,7.6820791430139050E-003,0.0000000000000000;-4.3400799848318616,-2.8217883337304932,0.0000000000000000
2.4802599791641178E-002,7.6214172740602416E-003,0.0000000000000000;-4.3805922137643956,-2.7581912023327342,0.0000000000000000
2.4912564436257459E-002,7.5601985807229105E-003,0.0000000000000000;-4.4201769155421164,-2.6940117457345401,0.0000000000000000
2.5021635607964117E-002,7.4984359781588997E-003,0.0000000000000000;-4.4588257372708737,-2.6292634921853035,0.0000000000000000
2.5129805507929929E-002,7.4361424960445481E-003,0.0000000000000000;-4.4965305234065243,-2.5639600896947949,0.0000000000000000
2.5237066527371715E-002,7.3733312758258573E-003,0.0000000000000000;-4.5332833174707678,-2.4981153031529679,0.0000000000000000
2.5343411249154912E-002,7.3100155679453258E-003,0.0000000000000000;-4.5690763637248955,-2.4317430114252123,0.0000000000000000
2.5448832449353656E-002,7.2462087290458910E-003,0.0000000000000000;-4.6039021088011269,-2.3648572044236804,0.0000000000000000
2.5553323098770057E-002,7.1819242191525781E-003,0.0000000000000000;-4.6377532032911706,-2.2974719801552861,0.0000000000000000
2.5656876364412294E-002,7.1171755988324471E-003,0.0000000000000000;-4.6706225032917006,-2.2296015417470256,0.0000000000000000
2.5759485610931273E-002,7.0519765263334436E-003,0.0000000000000000;-4.7025030719063983,-2.1612601944492322,0.0000000000000000
2.5861144402015531E-002,6.9863407547027601E-003,0.0000000000000000;-4.7333881807042664,-2.0924623426174151,0.0000000000000000
2.5961846501744074E-002,6.9202821288853120E-003,0.0000000000000000;-4.7632713111339058,-2.0232224866733044,0.0000000000000000
2.6061585875896930E-002,6.8538145828029506E-003,0.0000000000000000;-4.7921461558934579,-1.9535552200457618,0.0000000000000000
2.6160356693223041E-002,6.7869521364150283E-003,0.0000000000000000;-4.8200066202559215,-1.8834752260921963,0.0000000000000000
2.6258153326665343E-002,6.7197088927609351E-003,0.0000000000000000;-4.8468468233495816,-1.8129972750011372,0.0000000000000000
2.6354970354542682E-002,6.6520990349852368E-003,0.0000000000000000;-4.8726610993932686,-1.7421362206766211,0.0000000000000000
2.6450802561688375E-002,6.5841368233460458E-003,0.0000000000000000;-4.8974439988862084,-1.6709069976050555,0.0000000000000000
2.6545644940545197E-002,6.5158365922072534E-003,0.0000000000000000;-4.9211902897521904,-1.5993246177052158,0.0000000000000000
2.6639492692216507E-002,6.4472127470152560E-003,0.0000000000000000;-4.9438949584378404,-1.5274041671620471,0.0000000000000000
2.6732341227473286E-002,6.3782797612608293E-003,0.0000000000000000;-4.9655532109647655,-1.4551608032449381,0.0000000000000000
2.6824186167717007E-002,6.3090521734267754E-003,0.0000000000000000;-4.9861604739353345,-1.3826097511111410,0.0000000000000000
2.6915023345897987E-002,6.2395445839220024E-003,0.0000000000000000;-5.0057123954919049,-1.3097663005950131,0.0000000000000000
2.7004848807389081E-002,6.1697716520026759E-003,0.0000000000000000;-5.0242048462293045,-1.2366458029837577,0.0000000000000000
2.7093658810814599E-002,6.0997480926810992E-003,0.0000000000000000;-5.0416339200603462,-1.1632636677803501,0.0000000000000000
2.7181449828834161E-002,6.0294886736229677E-003,0.0000000000000000;-5.0579959350342314,-1.0896353594543264,0.0000000000000000
2.7268218548881458E-002,5.9590082120336649E-003,0.0000000000000000;-5.0732874341076579,-1.0157763941811282,0.0000000000000000
2.7353961873857621E-002,5.8883215715342420E-003,0.0000000000000000;-5.0875051858684746,-0.94170233657068692,0.0000000000000000
2.7438676922779220E-002,5.8174436590277580E-003,0.0000000000000000;-5.1006461852117324,-0.86742879638594184,0.0000000000000000
2.7522361031380616E-002,5.7463894215566275E-003,0.0000000000000000;-5.1127076539680072,-0.79297142525198472,0.0000000000000000
2.7605011752670605E-002,5.6751738431516582E-003,0.0000000000000000;-5.1236870414838425,-0.71834591335652442,0.0000000000000000
2.7686626857443296E-002,5.6038119416734122E-003,0.0000000000000000;-5.1335820251542144,-0.64356798614236865,0.0000000000000000
2.7767204334742956E-002,5.5323187656465996E-003,0.0000000000000000;-5.1423905109069077,-0.56865340099262374,0.0000000000000000
2.7846742392282943E-002,5.4607093910881265E-003,0.0000000000000000;-5.1501106336386844,-0.49361794390930652,0.0000000000000000
2.7925239456818466E-002,5.3889989183295130E-003,0.0000000000000000;-5.1567407576031954,-0.41847742618607542,0.0000000000000000
2.8002694174473174E-002,5.3172024688343117E-003,0.0000000000000000;-5.1622794767505136,-0.34324768107577774,0.0000000000000000
2.8079105411019538E-002,5.2453351820112267E-003,0.0000000000000000;-5.1667256150182599,-0.26794456045351922,0.0000000000000000
2.8154472252112858E-002,5.1734122120235815E-003,0.0000000000000000;-5.1700782265742466,-0.19258393147595823,0.0000000000000000
2.8228794003479010E-002,5.1014487245958414E-003,0.0000000000000000;-5.1723365960105792,-0.11718167323752941,0.0000000000000000
2.8302070191055739E-002,5.0294598938178175E-003,0.0000000000000000;-5.1735002384892139,-4.1753673424302029E-002,0.0000000000000000
2.8374300561087602E-002,4.9574608989472685E-003,0.0000000000000000;-5.1735688998389113,3.3684175033822109E-002,0.0000000000000000
2.8445485080174446E-002,4.8854669212115521E-003,0.0000000000000000;-5.1725425566035854,0.10911597731186533,0.0000000000000000
2.8515623935273512E-002,4.8134931406090082E-003,0.0000000000000000;-5.1704214160420507,0.18452584003877973,0.0000000000000000
2.8584717533655005E-002,4.7415547327107387E-003,0.0000000000000000;-5.1672059160791397,0.25989787464599617,0.0000000000000000
2.8652766502811407E-002,4.6696668654634694E-003,0.0000000000000000;-5.1628967252082516,0.33521620071481129,0.0000000000000000
2.8719771690320261E-002,4.5978446959941540E-003,0.0000000000000000;-5.1574947423453184,0.41046494932190730,0.0000000000000000
2.8785734163660686E-002,4.5261033674170118E-003,0.0000000000000000;-5.1510010966342410,0.48562826638230117,0.0000000000000000
2.8850655209983561E-002,4.4544580056436484E-003,0.0000000000000000;-5.1434171472038370,0.56069031598901764,0.0000000000000000
2.8914536335835409E-002,4.3829237161969467E-003,0.0000000000000000;-5.1347444828763535,0.63563528374878442,0.0000000000000000
2.8977379266836141E-002,4.3115155810293983E-003,0.0000000000000000;-5.1249849218276209,0.71044738011304720,0.0000000000000000
2.9039185947310656E-002,4.2402486553465317E-003,0.0000000000000000;-5.1141405111989036,0.78511084370360329,0.0000000000000000
2.9099958539874366E-002,4.1691379644361254E-003,0.0000000000000000;-5.1022135266605613,0.85960994463215501,0.0000000000000000
2.9159699424972808E-002,4.0981985005038571E-003,0.0000000000000000;-5.0892064719275849,0.93392898781308253,0.0000000000000000
2.9218411200375376E-002,4.0274452195160531E-003,0.0000000000000000;-5.0751220782271433,1.0080523162687429,0.0000000000000000
2.9276096680623361E-002,3.9568930380502187E-003,0.0000000000000000;-5.0599633037182317,1.0819643144265969,0.0000000000000000
2.9332758896432290E-002,3.8865568301539965E-003,0.0000000000000000;-5.0437333328635763,1.1556494114074725,0.0000000000000000
2.9388401094048840E-002,3.8164514242132173E-003,0.0000000000000000;-5.0264355757538972,1.2290920843042730,0.0000000000000000
2.9443026734562380E-002,3.7465915998297016E-003,0.0000000000000000;-5.0080736673847044,1.3022768614504403,0.0000000000000000
2.9496639493171304E-002,3.6769920847094691E-003,0.0000000000000000;-4.9886514668857735,1.3751883256774879,0.0000000000000000
2.9549243258404322E-002,3.6076675515620089E-003,0.0000000000000000;-4.9681730567034643,1.4478111175609194,0.0000000000000000
2.9600842131296871E-002,3.5386326150112601E-003,0.0000000000000000;-4.9466427417360554,1.5201299386538472,0.0000000000000000
2.9651440424522852E-002,3.4699018285189558E-003,0.0000000000000000;-4.9240650484222943,1.5921295547076384,0.0000000000000000
2.9701042661481818E-002,3.4014896813209707E-003,0.0000000000000000;-4.9004447237833464,1.6637947988789028,0.0000000000000000
2.9749653575341841E-002,3.3334105953773240E-003,0.0000000000000000;-4.8757867344183552,1.7351105749221627,0.0000000000000000
2.9797278108038318E-002,3.2656789223364639E-003,0.0000000000000000;-4.8500962654538231,1.8060618603675191,0.0000000000000000
2.9843921409228827E-002,3.1983089405144866E-003,0.0000000000000000;-4.8233787194470397,1.8766337096826591,0.0000000000000000
2.9889588835204314E-002,3.1313148518899146E-003,0.0000000000000000;-4.7956397152437971,1.9468112574185361,0.0000000000000000
2.9934285947756864E-002,3.0647107791146630E-003,0.0000000000000000;-4.7668850867906283,2.0165797213380636,0.0000000000000000
2.9978018513004252E-002,2.9985107625418316E-003,0.0000000000000000;-4.7371208819018342,2.0859244055271642,0.0000000000000000
3.0020792500171554E-002,2.9327287572709295E-003,0.0000000000000000;-4.7063533609815327,2.1548307034875274,0.0000000000000000
3.0062614080330050E-002,2.8673786302111696E-003,0.0000000000000000;-4.6745889957010496,2.2232841012104196,0.0000000000000000
3.0103489625093707E-002,2.8024741571634347E-003,0.0000000000000000;-4.6418344676318943,2.2912701802309083,0.0000000000000000
3.0143425705273549E-002,2.7380290199215370E-003,0.0000000000000000;-4.6080966668346157,2.3587746206618569,0.0000000000000000
3.0182429089490120E-002,2.6740568033933689E-003,0.0000000000000000;-4.5733826904038644,2.4257832042070580,0.0000000000000000
3.0220506742744447E-002,2.6105709927425574E-003,0.0000000000000000;-4.5376998409699354,2.4922818171528629,0.0000000000000000
3.0257665824947658E-002,2.5475849705512165E-003,0.0000000000000000;-4.5010556251571332,2.5582564533376972,0.0000000000000000
3.0293913689409712E-002,2.4851120140043917E-003,0.0000000000000000;-4.4634577519992868,2.6236932170988259,0.0000000000000000
3.0329257881287500E-002,2.4231652920967853E-003,0.0000000000000000;-4.4249141313127325,2.6885783261957603,0.0000000000000000
3.0363706135992628E-002,2.3617578628623544E-003,0.0000000000000000;-4.3854328720271232,2.7528981147096880,0.0000000000000000
3.0397266377559254E-002,2.3009026706273532E-003,0.0000000000000000;-4.3450222804744207,2.8166390359183238,0.0000000000000000
3.0429946716972276E-002,2.2406125432873980E-003,0.0000000000000000;-4.3036908586364255,2.8797876651455709,0.0000000000000000
3.0461755450456304E-002,2.1809001896091274E-003,0.0000000000000000;-4.2614473023512147,2.9423307025854153,0.0000000000000000
3.0492701057725714E-002,2.1217781965570167E-003,0.0000000000000000;-4.2183004994788851,3.0042549760994324,0.0000000000000000
3.0522792200196172E-002,2.0632590266459138E-003,0.0000000000000000;-4.1742595280269521,3.0655474439873522,0.0000000000000000
3.0552037719158001E-002,2.0053550153198434E-003,0.0000000000000000;-4.1293336542358547,3.1261951977300777,0.0000000000000000
3.0580446633911813E-002,1.9480783683576289E-003,0.0000000000000000;-4.0835323306249078,3.1861854647046015,0.0000000000000000
3.0608028139866718E-002,1.8914411593058810E-003,0.0000000000000000;-4.0368651939991791,3.2455056108702389,0.0000000000000000
3.0634791606601621E-002,1.8354553269398822E-003,0.0000000000000000;-3.9893420634176673,3.3041431434256219,0.0000000000000000
3.0660746575889932E-002,1.7801326727529009E-003,0.0000000000000000;-3.9409729381232159,3.3620857134359037,0.0000000000000000
3.0685902759688143E-002,1.7254848584744627E-003,0.0000000000000000;-3.8917679954346278,3.4193211184296080,0.0000000000000000
3.0710270038088662E-002,1.6715234036180943E-003,0.0000000000000000;-3.8417375886013936,3.4758373049646032,0.0000000000000000
3.0733858457237417E-002,1.6182596830590526E-003,0.0000000000000000;-3.7908922446215012,3.5316223711626420,0.0000000000000000
3.0756678227216554E-002,1.5657049246425479E-003,0.0000000000000000;-3.7392426620227903,3.5866645692119516,0.0000000000000000
3.0778739719892787E-002,1.5138702068229596E-003,0.0000000000000000;-3.6867997086083037,3.6409523078373494,0.0000000000000000
3.0800053466731758E-002,1.4627664563345369E-003,0.0000000000000000;-3.6335744191661350,3.6944741547373630,0.0000000000000000
3.0820630156578960E-002,1.4124044458940729E-003,0.0000000000000000;-3.5795779931442318,3.7472188389878478,0.0000000000000000
3.0840480633407569E-002,1.3627947919360298E-003,0.0000000000000000;-3.5248217922906582,3.7991752534116046,0.0000000000000000
3.0859615894033854E-002,1.3139479523805902E-003,0.0000000000000000;-3.4693173382598110,3.8503324569134922,0.0000000000000000
3.0878047085800372E-002,1.2658742244350996E-003,0.0000000000000000;-3.4130763101850934,3.9006796767805572,0.0000000000000000
3.0895785504227734E-002,1.2185837424293600E-003,0.0000000000000000;-3.3561105422185546,3.9502063109466978,0.0000000000000000
3.0912842590635203E-002,1.1720864756852268E-003,0.0000000000000000;-3.2984320210380176,3.9989019302213844,0.0000000000000000
3.0929229929730725E-002,1.1263922264209501E-003,0.0000000000000000;-3.2400528833222171,4.0467562804819739,0.0000000000000000
3.0944959247170938E-002,1.0815106276907053E-003,0.0000000000000000;-3.1809854131944797,4.0937592848291704,0.0000000000000000
3.0960042407091562E-002,1.0374511413597342E-003,0.0000000000000000;-3.1212420396354865,4.1399010457051606,0.0000000000000000
3.0974491409608774E-002,9.9422305611552805E-004,0.0000000000000000;-3.0608353338656586,4.1851718469740025,0.0000000000000000
3.0988318388292083E-002,9.5183548551545938E-004,0.0000000000000000;-2.9997780066977140,4.2295621559638272,0.0000000000000000
3.1001535607609217E-002,9.1029736607127509E-004,0.0000000000000000;-2.9380829058599662,4.2730626254704083,0.0000000000000000
3.1014155460343557E-002,8.6961745537085077E-004,0.0000000000000000;-2.8757630132909031,4.3156640957217309,0.0000000000000000
3.1026190464984674E-002,8.2980433023759341E-004,0.0000000000000000;-2.8128314424056433,4.3573575963030828,0.0000000000000000
3.1037653263092501E-002,7.9086638492788296E-004,0.0000000000000000;-2.7493014353348184,4.3981343480423254,0.0000000000000000
3.1048556616635737E-002,7.5281182936692218E-004,0.0000000000000000;-2.6851863601364805,4.4379857648549166,0.0000000000000000
3.1058913405304978E-002,7.1564868742336740E-004,0.0000000000000000;-2.6204997079816081,4.4769034555483094,0.0000000000000000
3.1068736623801187E-002,6.7938479522309852E-004,0.0000000000000000;-2.5552550903138118,4.5148792255853616,0.0000000000000000
3.1078039379100069E-002,6.4402779950247858E-004,0.0000000000000000;-2.4894662359838233,4.5519050788063700,0.0000000000000000
3.1086834887692878E-002,6.0958515600144912E-004,0.0000000000000000;-2.4231469883593872,4.5879732191093812,0.0000000000000000
3.1095136472804302E-002,5.7606412789679249E-004,0.0000000000000000;-2.3563113024111431,4.6230760520884324,0.0000000000000000
3.1102957561587985E-002,5.4347178427589153E-004,0.0000000000000000;-2.2889732417751247,4.6572061866293657,0.0000000000000000
3.1110311682300225E-002,5.1181499865130312E-004,0.0000000000000000;-2.2211469757924833,4.6903564364628991,0.0000000000000000
3.1117212461452545E-002,4.8110044751645384E-004,0.0000000000000000;-2.1528467765270611,4.7225198216746245,0.0000000000000000
3.1123673620943614E-002,4.5133460894276141E-004,0.0000000000000000;-2.0840870157614448,4.7536895701716109,0.0000000000000000
3.1129708975171245E-002,4.2252376121847243E-004,0.0000000000000000;-2.0148821619721140,4.7838591191053199,0.0000000000000000
3.1135332428124933E-002,3.9467398152950086E-004,0.0000000000000000;-1.9452467772843365,4.8130221162505329,0.0000000000000000
3.1140557970459688E-002,3.6779114468254173E-004,0.0000000000000000;-1.8751955144074408,4.8411724213399907,0.0000000000000000
3.1145399676551690E-002,3.4188092187072675E-004,0.0000000000000000;-1.8047431135511085,4.8683041073544890,0.0000000000000000
3.1149871701536373E-002,3.1694877948207806E-004,0.0000000000000000;-1.7339043993233345,4.8944114617681356,0.0000000000000000
3.1153988278329613E-002,2.9299997795100913E-004,0.0000000000000000;-1.6626942776107072,4.9194889877485410,0.0000000000000000
3.1157763714632657E-002,2.7003957065311213E-004,0.0000000000000000;-1.5911277324416584,4.9435314053116581,0.0000000000000000
3.1161212389921297E-002,2.4807240284346102E-004,0.0000000000000000;-1.5192198228333451,4.9665336524310622,0.0000000000000000
3.1164348752420096E-002,2.2710311063865314E-004,0.0000000000000000;-1.4469856796228213,4.9884908861014114,0.0000000000000000
3.1167187316062144E-002,2.0713612004279975E-004,0.0000000000000000;-1.3744405022831665,5.0093984833558949,0.0000000000000000
3.1169742657435093E-002,1.8817564601766938E-004,0.0000000000000000;-1.3015995557252313,5.0292520422374229,0.0000000000000000
3.1172029412714047E-002,1.7022569159717759E-004,0.0000000000000000;-1.2284781670856846,5.0480473827234000,0.0000000000000000
3.1174062274581978E-002,1.5329004704640677E-004,0.0000000000000000;-1.1550917225020176,5.0657805476038424,0.0000000000000000
3.1175855989138284E-002,1.3737228906533270E-004,0.0000000000000000;-1.0814556638751949,5.0824478033126868,0.0000000000000000
3.1177425352796179E-002,1.2247578003742171E-004,0.0000000000000000;-1.0075854856206234,5.0980456407121171,0.0000000000000000
3.1178785209169561E-002,1.0860366732325688E-004,0.0000000000000000;-0.93349673140812162,5.1125707758297292,0.0000000000000000
3.1179950445949931E-002,9.5758882599339032E-005,0.0000000000000000;-0.85920499089157287,5.1260201505483831,0.0000000000000000
3.1180935991774152E-002,8.3944141242200859E-005,0.0000000000000000;-0.78472589642894697,5.1383909332486244,0.0000000000000000
3.1181756813083557E-002,7.3161941757962358E-005,0.0000000000000000;-0.71007511979337812,5.1496805194035007,0.0000000000000000
3.1182427910975221E-002,6.3414565257446237E-005,0.0000000000000000;-0.63526836887598603,5.1598865321256850,0.0000000000000000
3.1182964318045892E-002,5.4704074976962779E-005,0.0000000000000000;-0.56032138438113333,5.1690068226667716,0.0000000000000000
3.1183381095229383E-002,4.7032315844863961E-005,0.0000000000000000;-0.48524993651480985,5.1770394708686407,0.0000000000000000
3.1183693328627991E-002,4.0400914093957014E-005,0.0000000000000000;-0.41006982166683836,5.1839827855668146,0.0000000000000000
3.1183916126338675E-002,3.4811276919858208E-005,0.0000000000000000;-0.33479685908759538,5.1898353049457047,0.0000000000000000
3.1184064615274575E-002,3.0264592185358124E-005,0.0000000000000000;-0.25944688755994449,5.1945957968456771,0.0000000000000000
3.1184153937982670E-002,2.6761828170859995E-005,0.0000000000000000;-0.18403576206707781,5.1982632590218838,0.0000000000000000
3.1184199249458075E-002,2.4303733370942920E-005,0.0000000000000000;-0.10857935045696464,5.2008369193547885,0.0000000000000000
3.1184215713955760E-002,2.2890836337092699E-005,0.0000000000000000;-3.3093530104104700E-002,5.2023162360123649,0.0000000000000000
3.1184218501800379E-002,2.2523445566632853E-005,0.0000000000000000;4.2405815430714186E-002,5.2027008975639122,0.0000000000000000
3.1184222786194749E-002,2.3201649437879088E-005,0.0000000000000000;0.11790279974195465,5.2019908230454819,0.0000000000000000
3.1184243740027744E-002,2.4925316191530765E-005,0.0000000000000000;0.19338153692146529,5.2001861619768830,0.0000000000000000
3.1184296532682305E-002,2.7694093958303380E-005,0.0000000000000000;0.26882614490051249,5.1972872943302857,0.0000000000000000
3.1184396326844097E-002,3.1507410832796285E-005,0.0000000000000000;0.34422074879100945,5.1932948304504025,0.0000000000000000
3.1184558275311667E-002,3.6364474993580390E-005,0.0000000000000000;0.41954948422524208,5.1882096109262941,0.0000000000000000
