   0.00000000    
   0.00000000    
   12.0000000    
  0.928011239    
   0.00000000    
   11.7915001    
   0.00000000    
  0.937907636    
   11.7915001    
   1.77658987    
   0.00000000    
   11.6750374    
   1.28112078    
   1.28112078    
   11.6750374    
   0.00000000    
   1.84914434    
   11.6750374    
   2.49622607    
   0.00000000    
   11.2902241    
   2.20404506    
   1.27250600    
   11.2902241    
   1.32591510    
   2.29655266    
   11.2902241    
   0.00000000    
   2.71054316    
   11.2902241    
   3.07468629    
   0.00000000    
   10.7870283    
   2.88981867    
   1.19700217    
   10.7870283    
   2.31135941    
   2.31135941    
   10.7870283    
   1.31279910    
   3.16937733    
   10.7870283    
   0.00000000    
   3.50491810    
   10.7870283    
   3.52508044    
   0.00000000    
   10.1928005    
   3.40211177    
   1.10541308    
   10.1928005    
   3.01390195    
   2.18972778    
   10.1928005    
   2.31401587    
   3.18496966    
   10.1928005    
   1.27841723    
   3.93456411    
   10.1928005    
   0.00000000    
   4.22199678    
   10.1928005    
   3.87059712    
   0.00000000    
   9.53421497    
   3.78529406    
   1.01426649    
   9.53421497    
   3.51638794    
   2.03018761    
   9.53421497    
   3.02720809    
   3.02720809    
   9.53421497    
   2.27114081    
   3.93373179    
   9.53421497    
   1.23377705    
   4.60452032    
   9.53421497    
   0.00000000    
   4.85792542    
   9.53421497    
   4.13475132    
   0.00000000    
   8.83468723    
   4.07332802    
  0.929710567    
   8.83468723    
   3.88060665    
   1.86880171    
   8.83468723    
   3.53133845    
   2.81614828    
   8.83468723    
   2.98620868    
   3.74458742    
   8.83468723    
   2.20537329    
   4.57950592    
   8.83468723    
   1.18394756    
   5.18721199    
   8.83468723    
   0.00000000    
   5.41390371    
   8.83468723    
   4.33735466    
   0.00000000    
   8.11312103    
   4.29162788    
  0.853657961    
   8.11312103    
   4.14892292    
   1.71854019    
   8.11312103    
   3.89233899    
   2.60077786    
   8.11312103    
   3.49350476    
   3.49350476    
   8.11312103    
   2.91581488    
   4.36382627    
   8.11312103    
   2.12764883    
   5.13659859    
   8.11312103    
   1.13186717    
   5.69028282    
   8.11312103    
   0.00000000    
   5.89452744    
   8.11312103    
   4.49375486    
   0.00000000    
   7.38371229    
   4.45869780    
  0.786188841    
   7.38371229    
   4.34983540    
   1.58321071    
   7.38371229    
   4.15579510    
   2.39934945    
   7.38371229    
   3.85688353    
   3.23630977    
   7.38371229    
   3.42528033    
   4.08209085    
   7.38371229    
   2.82893348    
   4.89985704    
   7.38371229    
   2.04409218    
   5.61609936    
   7.38371229    
   1.07941258    
   6.12165546    
   7.38371229    
   0.00000000    
   6.30628586    
   7.38371229    
   4.61538506    
   0.00000000    
   6.65640259    
   4.58780241    
  0.726636589    
   6.65640259    
   4.50253296    
   1.46296167    
   6.65640259    
   4.35178328    
   2.21734428    
   6.65640259    
   4.12189674    
   2.99473310    
   6.65640259    
   3.79283738    
   3.79283738    
   6.65640259    
   3.33889103    
   4.59558964    
   6.65640259    
   2.73303246    
   5.36387968    
   6.65640259    
   1.95843160    
   6.02743340    
   6.65640259    
   1.02779746    
   6.48925686    
   6.65640259    
   0.00000000    
   6.65640259    
   6.65640259    
   4.71061039    
   0.00000000    
   5.93761158    
   4.68841362    
  0.674092174    
   5.93761158    
   4.62005758    
   1.35657144    
   5.93761158    
   4.50008202    
   2.05511880    
   5.93761158    
   4.31889248    
   2.77558374    
   5.93761158    
   4.06219387    
   3.51991177    
   5.93761158    
   3.71076870    
   4.28245544    
   5.93761158    
   3.24165726    
   5.04411793    
   5.93761158    
   2.63274217    
   5.76490259    
   5.93761158    
   1.87300587    
   6.37887287    
   5.93761158    
  0.977783144    
   6.80063534    
   5.93761158    
   0.00000000    
   6.95205021    
   5.93761158    
   4.78552580    
   0.00000000    
   5.23102427    
   4.76730871    
  0.627628088    
   5.23102427    
   4.71139050    
   1.26241326    
   5.23102427    
   4.61385965    
   1.91112339    
   5.23102427    
   4.46785069    
   2.57951474    
   5.23102427    
   4.26308727    
   3.27118230    
   5.23102427    
   3.98547339    
   3.98547339    
   5.23102427    
   3.61718607    
   4.71400928    
   5.23102427    
   3.13823819    
   5.43558884    
   5.23102427    
   2.53103495    
   6.11045885    
   5.23102427    
   1.78928077    
   6.67768908    
   5.23102427    
  0.929818451    
   7.06267595    
   5.23102427    
   0.00000000    
   7.19988775    
   5.23102427    
   4.84457111    
   0.00000000    
   4.53829193    
   4.82936144    
  0.586390674    
   4.53829193    
   4.78280163    
   1.17885482    
   4.53829193    
   4.70203161    
   1.78324544    
   4.53829193    
   4.58204031    
   2.40484047    
   4.53829193    
   4.41533375    
   3.04768491    
   4.53829193    
   4.19155502    
   3.71339345    
   4.53829193    
   3.89726567    
   4.39910412    
   4.53829193    
   3.51632905    
   5.09428263    
   4.53829193    
   3.03171206    
   5.77644396    
   4.53829193    
   2.42983580    
   6.40695095    
   4.53829193    
   1.70814192    
   6.93020630    
   4.53829193    
  0.884127975    
   7.28144836    
   4.53829193    
   0.00000000    
   7.40582037    
   4.53829193    
   4.89099073    
   0.00000000    
   3.85960960    
   4.87809896    
  0.549629748    
   3.85960960    
   4.83872795    
   1.10440803    
   3.85960960    
   4.77074194    
   1.66935468    
   3.85960960    
   4.67041636    
   2.24915409    
   3.85960960    
   4.53219366    
   2.84776640    
   3.85960960    
   4.34838533    
   3.46772146    
   3.85960960    
   4.10890675    
   4.10890675    
   3.85960960    
   3.80124307    
   4.76660824    
   3.85960960    
   3.41106200    
   5.42867517    
   3.85960960    
   2.92413950    
   6.07204008    
   3.85960960    
   2.33037257    
   6.65982485    
   3.85960960    
   1.63007736    
   7.14183426    
   3.85960960    
  0.840782285    
   7.46214914    
   3.85960960    
   0.00000000    
   7.57491207    
   3.85960960    
   4.92715597    
   0.00000000    
   3.19416118    
   4.91608334    
  0.516701162    
   3.19416118    
   4.88233423    
   1.03777218    
   3.19416118    
   4.82428837    
   1.56750631    
   3.19416118    
   4.73912430    
   2.10999417    
   3.19416118    
   4.62265110    
   2.66888881    
   3.19416118    
   4.46908474    
   3.24697995    
   3.19416118    
   4.27081251    
   3.84545684    
   3.19416118    
   4.01823807    
   4.46270609    
   3.19416118    
   3.69992256    
   5.09250689    
   3.19416118    
   3.30335522    
   5.72157955    
   3.19416118    
   2.81689835    
   6.32685804    
   3.19416118    
   2.23339248    
   6.87367582    
   3.19416118    
   1.55530238    
   7.31712389    
   3.19416118    
  0.799751043    
   7.60912609    
   3.19416118    
   0.00000000    
   7.71138716    
   3.19416118    
   4.95479918    
   0.00000000    
   2.54044032    
   4.94517612    
  0.487057358    
   2.54044032    
   4.91589737    
  0.977832794    
   2.54044032    
   4.86571026    
   1.47599709    
   2.54044032    
   4.79244328    
   1.98509526    
   2.54044032    
   4.69288635    
   2.50840020    
   2.54044032    
   4.56262255    
   3.04864717    
   2.54044032    
   4.39584494    
   3.60757732    
   2.54044032    
   4.18518925    
   4.18518925    
   2.54044032    
   3.92169166    
   4.77859497    
   2.54044032    
   3.59506249    
   5.38039207    
   2.54044032    
   3.19456029    
   5.97660303    
   2.54044032    
   2.71087933    
   6.54464149    
   2.54044032    
   2.13930297    
   7.05233812    
   2.54044032    
   1.48385012    
   7.45982170    
   2.54044032    
  0.760936439    
   7.72591782    
   2.54044032    
   0.00000000    
   7.81867170    
   2.54044032    
   4.97517014    
   0.00000000    
   1.89649212    
   4.96671867    
  0.460234284    
   1.89649212    
   4.94104433    
  0.923641205    
   1.89649212    
   4.89716387    
   1.39336312    
   1.89649212    
   4.83338070    
   1.87246168    
   1.89649212    
   4.74719906    
   2.36382437    
   1.89649212    
   4.63519859    
   2.86999345    
   1.89649212    
   4.49289370    
   3.39287615    
   1.89649212    
   4.31459236    
   3.93327045    
   1.89649212    
   4.09329796    
   4.49013424    
   1.89649212    
   3.82076883    
   5.05951595    
   1.89649212    
   3.48788691    
   5.63313198    
   1.89649212    
   3.08558846    
   6.19669724    
   1.89649212    
   2.60662365    
   6.72847223    
   1.89649212    
   2.04827261    
   7.19893503    
   1.89649212    
   1.41562605    
   7.57293367    
   1.89649212    
  0.724196494    
   7.81532383    
   1.89649212    
   0.00000000    
   7.89946032    
   1.89649212    
   4.98914766    
   0.00000000    
   1.26007080    
   4.98165512    
  0.435838372    
   1.26007080    
   4.95892286    
  0.874391973    
   1.26007080    
   4.92016983    
   1.31835556    
   1.26007080    
   4.86405277    
   1.77037060    
   1.26007080    
   4.78860235    
   2.23296237    
   1.26007080    
   4.69113493    
   2.70842814    
   1.26007080    
   4.56814384    
   3.19864917    
   1.26007080    
   4.41518354    
   3.70477891    
   1.26007080    
   4.22677469    
   4.22677469    
   1.26007080    
   3.99637437    
   4.76269388    
   1.26007080    
   3.71651220    
   5.30773020    
   1.26007080    
   3.37923026    
   5.85299921    
   1.26007080    
   2.97701669    
   6.38423347    
   1.26007080    
   2.50441241    
   6.88081932    
   1.26007080    
   1.96029937    
   7.31593561    
   1.26007080    
   1.35044968    
   7.65878439    
   1.26007080    
  0.689363122    
   7.87946224    
   1.26007080    
   0.00000000    
   7.95577240    
   1.26007080    
   4.99731350    
   0.00000000    
  0.628748715    
   4.99061441    
  0.413534105    
  0.628748715    
   4.97031069    
  0.829398096    
  0.628748715    
   4.93577337    
   1.24990761    
  0.628748715    
   4.88592768    
   1.67734098    
  0.628748715    
   4.81919956    
   2.11389709    
  0.628748715    
   4.73345661    
   2.56161857    
  0.628748715    
   4.62592316    
   3.02226663    
  0.628748715    
   4.49309158    
   3.49711347    
  0.628748715    
   4.33064032    
   3.98663497    
  0.628748715    
   4.13337278    
   4.49004030    
  0.628748715    
   3.89525843    
   5.00462818    
  0.628748715    
   3.60962176    
   5.52493715    
  0.628748715    
   3.26962352    
   6.04173565    
  0.628748715    
   2.86916876    
   6.54104757    
  0.628748715    
   2.40433288    
   7.00358295    
  0.628748715    
   1.87525082    
   7.40519810    
  0.628748715    
   1.28808379    
   7.71906519    
  0.628748715    
  0.656255543    
   7.91982555    
  0.628748715    
   0.00000000    
   7.98901081    
  0.628748715    
   5.00000000    
   0.00000000    
   0.00000000    
   4.99396229    
  0.393033385    
   0.00000000    
   4.97568083    
  0.788070440    
   0.00000000    
   4.94464636    
   1.18710458    
   0.00000000    
   4.89998484    
   1.59210157    
   0.00000000    
   4.84042597    
   2.00497031    
   0.00000000    
   4.76425505    
   2.42750931    
   0.00000000    
   4.66924953    
   2.86132002    
   0.00000000    
   4.55261469    
   3.30766821    
   0.00000000    
   4.41090918    
   3.76727223    
   0.00000000    
   4.23999166    
   4.23999166    
   0.00000000    
   4.03500986    
   4.72439003    
   0.00000000    
   3.79047871    
   5.21714640    
   0.00000000    
   3.50051880    
   5.71232843    
   0.00000000    
   3.15935636    
   6.20058727    
   0.00000000    
   2.76216578    
   6.66845798    
   0.00000000    
   2.30631495    
   7.09810781    
   0.00000000    
   1.79290509    
   7.46798897    
   0.00000000    
   1.22825074    
   7.75486851    
   0.00000000    
  0.624680400    
   7.93731833    
   0.00000000    
   0.00000000    
   8.00000000    
   0.00000000    
  -0.00000000    
   0.00000000    
   12.0000000    
 -0.928011239    
   0.00000000    
   11.7915001    
  -0.00000000    
  0.937907636    
   11.7915001    
  -1.77658987    
   0.00000000    
   11.6750374    
  -1.28112078    
   1.28112078    
   11.6750374    
  -0.00000000    
   1.84914434    
   11.6750374    
  -2.49622607    
   0.00000000    
   11.2902241    
  -2.20404506    
   1.27250600    
   11.2902241    
  -1.32591510    
   2.29655266    
   11.2902241    
  -0.00000000    
   2.71054316    
   11.2902241    
  -3.07468629    
   0.00000000    
   10.7870283    
  -2.88981867    
   1.19700217    
   10.7870283    
  -2.31135941    
   2.31135941    
   10.7870283    
  -1.31279910    
   3.16937733    
   10.7870283    
  -0.00000000    
   3.50491810    
   10.7870283    
  -3.52508044    
   0.00000000    
   10.1928005    
  -3.40211177    
   1.10541308    
   10.1928005    
  -3.01390195    
   2.18972778    
   10.1928005    
  -2.31401587    
   3.18496966    
   10.1928005    
  -1.27841723    
   3.93456411    
   10.1928005    
  -0.00000000    
   4.22199678    
   10.1928005    
  -3.87059712    
   0.00000000    
   9.53421497    
  -3.78529406    
   1.01426649    
   9.53421497    
  -3.51638794    
   2.03018761    
   9.53421497    
  -3.02720809    
   3.02720809    
   9.53421497    
  -2.27114081    
   3.93373179    
   9.53421497    
  -1.23377705    
   4.60452032    
   9.53421497    
  -0.00000000    
   4.85792542    
   9.53421497    
  -4.13475132    
   0.00000000    
   8.83468723    
  -4.07332802    
  0.929710567    
   8.83468723    
  -3.88060665    
   1.86880171    
   8.83468723    
  -3.53133845    
   2.81614828    
   8.83468723    
  -2.98620868    
   3.74458742    
   8.83468723    
  -2.20537329    
   4.57950592    
   8.83468723    
  -1.18394756    
   5.18721199    
   8.83468723    
  -0.00000000    
   5.41390371    
   8.83468723    
  -4.33735466    
   0.00000000    
   8.11312103    
  -4.29162788    
  0.853657961    
   8.11312103    
  -4.14892292    
   1.71854019    
   8.11312103    
  -3.89233899    
   2.60077786    
   8.11312103    
  -3.49350476    
   3.49350476    
   8.11312103    
  -2.91581488    
   4.36382627    
   8.11312103    
  -2.12764883    
   5.13659859    
   8.11312103    
  -1.13186717    
   5.69028282    
   8.11312103    
  -0.00000000    
   5.89452744    
   8.11312103    
  -4.49375486    
   0.00000000    
   7.38371229    
  -4.45869780    
  0.786188841    
   7.38371229    
  -4.34983540    
   1.58321071    
   7.38371229    
  -4.15579510    
   2.39934945    
   7.38371229    
  -3.85688353    
   3.23630977    
   7.38371229    
  -3.42528033    
   4.08209085    
   7.38371229    
  -2.82893348    
   4.89985704    
   7.38371229    
  -2.04409218    
   5.61609936    
   7.38371229    
  -1.07941258    
   6.12165546    
   7.38371229    
  -0.00000000    
   6.30628586    
   7.38371229    
  -4.61538506    
   0.00000000    
   6.65640259    
  -4.58780241    
  0.726636589    
   6.65640259    
  -4.50253296    
   1.46296167    
   6.65640259    
  -4.35178328    
   2.21734428    
   6.65640259    
  -4.12189674    
   2.99473310    
   6.65640259    
  -3.79283738    
   3.79283738    
   6.65640259    
  -3.33889103    
   4.59558964    
   6.65640259    
  -2.73303246    
   5.36387968    
   6.65640259    
  -1.95843160    
   6.02743340    
   6.65640259    
  -1.02779746    
   6.48925686    
   6.65640259    
  -0.00000000    
   6.65640259    
   6.65640259    
  -4.71061039    
   0.00000000    
   5.93761158    
  -4.68841362    
  0.674092174    
   5.93761158    
  -4.62005758    
   1.35657144    
   5.93761158    
  -4.50008202    
   2.05511880    
   5.93761158    
  -4.31889248    
   2.77558374    
   5.93761158    
  -4.06219387    
   3.51991177    
   5.93761158    
  -3.71076870    
   4.28245544    
   5.93761158    
  -3.24165726    
   5.04411793    
   5.93761158    
  -2.63274217    
   5.76490259    
   5.93761158    
  -1.87300587    
   6.37887287    
   5.93761158    
 -0.977783144    
   6.80063534    
   5.93761158    
  -0.00000000    
   6.95205021    
   5.93761158    
  -4.78552580    
   0.00000000    
   5.23102427    
  -4.76730871    
  0.627628088    
   5.23102427    
  -4.71139050    
   1.26241326    
   5.23102427    
  -4.61385965    
   1.91112339    
   5.23102427    
  -4.46785069    
   2.57951474    
   5.23102427    
  -4.26308727    
   3.27118230    
   5.23102427    
  -3.98547339    
   3.98547339    
   5.23102427    
  -3.61718607    
   4.71400928    
   5.23102427    
  -3.13823819    
   5.43558884    
   5.23102427    
  -2.53103495    
   6.11045885    
   5.23102427    
  -1.78928077    
   6.67768908    
   5.23102427    
 -0.929818451    
   7.06267595    
   5.23102427    
  -0.00000000    
   7.19988775    
   5.23102427    
  -4.84457111    
   0.00000000    
   4.53829193    
  -4.82936144    
  0.586390674    
   4.53829193    
  -4.78280163    
   1.17885482    
   4.53829193    
  -4.70203161    
   1.78324544    
   4.53829193    
  -4.58204031    
   2.40484047    
   4.53829193    
  -4.41533375    
   3.04768491    
   4.53829193    
  -4.19155502    
   3.71339345    
   4.53829193    
  -3.89726567    
   4.39910412    
   4.53829193    
  -3.51632905    
   5.09428263    
   4.53829193    
  -3.03171206    
   5.77644396    
   4.53829193    
  -2.42983580    
   6.40695095    
   4.53829193    
  -1.70814192    
   6.93020630    
   4.53829193    
 -0.884127975    
   7.28144836    
   4.53829193    
  -0.00000000    
   7.40582037    
   4.53829193    
  -4.89099073    
   0.00000000    
   3.85960960    
  -4.87809896    
  0.549629748    
   3.85960960    
  -4.83872795    
   1.10440803    
   3.85960960    
  -4.77074194    
   1.66935468    
   3.85960960    
  -4.67041636    
   2.24915409    
   3.85960960    
  -4.53219366    
   2.84776640    
   3.85960960    
  -4.34838533    
   3.46772146    
   3.85960960    
  -4.10890675    
   4.10890675    
   3.85960960    
  -3.80124307    
   4.76660824    
   3.85960960    
  -3.41106200    
   5.42867517    
   3.85960960    
  -2.92413950    
   6.07204008    
   3.85960960    
  -2.33037257    
   6.65982485    
   3.85960960    
  -1.63007736    
   7.14183426    
   3.85960960    
 -0.840782285    
   7.46214914    
   3.85960960    
  -0.00000000    
   7.57491207    
   3.85960960    
  -4.92715597    
   0.00000000    
   3.19416118    
  -4.91608334    
  0.516701162    
   3.19416118    
  -4.88233423    
   1.03777218    
   3.19416118    
  -4.82428837    
   1.56750631    
   3.19416118    
  -4.73912430    
   2.10999417    
   3.19416118    
  -4.62265110    
   2.66888881    
   3.19416118    
  -4.46908474    
   3.24697995    
   3.19416118    
  -4.27081251    
   3.84545684    
   3.19416118    
  -4.01823807    
   4.46270609    
   3.19416118    
  -3.69992256    
   5.09250689    
   3.19416118    
  -3.30335522    
   5.72157955    
   3.19416118    
  -2.81689835    
   6.32685804    
   3.19416118    
  -2.23339248    
   6.87367582    
   3.19416118    
  -1.55530238    
   7.31712389    
   3.19416118    
 -0.799751043    
   7.60912609    
   3.19416118    
  -0.00000000    
   7.71138716    
   3.19416118    
  -4.95479918    
   0.00000000    
   2.54044032    
  -4.94517612    
  0.487057358    
   2.54044032    
  -4.91589737    
  0.977832794    
   2.54044032    
  -4.86571026    
   1.47599709    
   2.54044032    
  -4.79244328    
   1.98509526    
   2.54044032    
  -4.69288635    
   2.50840020    
   2.54044032    
  -4.56262255    
   3.04864717    
   2.54044032    
  -4.39584494    
   3.60757732    
   2.54044032    
  -4.18518925    
   4.18518925    
   2.54044032    
  -3.92169166    
   4.77859497    
   2.54044032    
  -3.59506249    
   5.38039207    
   2.54044032    
  -3.19456029    
   5.97660303    
   2.54044032    
  -2.71087933    
   6.54464149    
   2.54044032    
  -2.13930297    
   7.05233812    
   2.54044032    
  -1.48385012    
   7.45982170    
   2.54044032    
 -0.760936439    
   7.72591782    
   2.54044032    
  -0.00000000    
   7.81867170    
   2.54044032    
  -4.97517014    
   0.00000000    
   1.89649212    
  -4.96671867    
  0.460234284    
   1.89649212    
  -4.94104433    
  0.923641205    
   1.89649212    
  -4.89716387    
   1.39336312    
   1.89649212    
  -4.83338070    
   1.87246168    
   1.89649212    
  -4.74719906    
   2.36382437    
   1.89649212    
  -4.63519859    
   2.86999345    
   1.89649212    
  -4.49289370    
   3.39287615    
   1.89649212    
  -4.31459236    
   3.93327045    
   1.89649212    
  -4.09329796    
   4.49013424    
   1.89649212    
  -3.82076883    
   5.05951595    
   1.89649212    
  -3.48788691    
   5.63313198    
   1.89649212    
  -3.08558846    
   6.19669724    
   1.89649212    
  -2.60662365    
   6.72847223    
   1.89649212    
  -2.04827261    
   7.19893503    
   1.89649212    
  -1.41562605    
   7.57293367    
   1.89649212    
 -0.724196494    
   7.81532383    
   1.89649212    
  -0.00000000    
   7.89946032    
   1.89649212    
  -4.98914766    
   0.00000000    
   1.26007080    
  -4.98165512    
  0.435838372    
   1.26007080    
  -4.95892286    
  0.874391973    
   1.26007080    
  -4.92016983    
   1.31835556    
   1.26007080    
  -4.86405277    
   1.77037060    
   1.26007080    
  -4.78860235    
   2.23296237    
   1.26007080    
  -4.69113493    
   2.70842814    
   1.26007080    
  -4.56814384    
   3.19864917    
   1.26007080    
  -4.41518354    
   3.70477891    
   1.26007080    
  -4.22677469    
   4.22677469    
   1.26007080    
  -3.99637437    
   4.76269388    
   1.26007080    
  -3.71651220    
   5.30773020    
   1.26007080    
  -3.37923026    
   5.85299921    
   1.26007080    
  -2.97701669    
   6.38423347    
   1.26007080    
  -2.50441241    
   6.88081932    
   1.26007080    
  -1.96029937    
   7.31593561    
   1.26007080    
  -1.35044968    
   7.65878439    
   1.26007080    
 -0.689363122    
   7.87946224    
   1.26007080    
  -0.00000000    
   7.95577240    
   1.26007080    
  -4.99731350    
   0.00000000    
  0.628748715    
  -4.99061441    
  0.413534105    
  0.628748715    
  -4.97031069    
  0.829398096    
  0.628748715    
  -4.93577337    
   1.24990761    
  0.628748715    
  -4.88592768    
   1.67734098    
  0.628748715    
  -4.81919956    
   2.11389709    
  0.628748715    
  -4.73345661    
   2.56161857    
  0.628748715    
  -4.62592316    
   3.02226663    
  0.628748715    
  -4.49309158    
   3.49711347    
  0.628748715    
  -4.33064032    
   3.98663497    
  0.628748715    
  -4.13337278    
   4.49004030    
  0.628748715    
  -3.89525843    
   5.00462818    
  0.628748715    
  -3.60962176    
   5.52493715    
  0.628748715    
  -3.26962352    
   6.04173565    
  0.628748715    
  -2.86916876    
   6.54104757    
  0.628748715    
  -2.40433288    
   7.00358295    
  0.628748715    
  -1.87525082    
   7.40519810    
  0.628748715    
  -1.28808379    
   7.71906519    
  0.628748715    
 -0.656255543    
   7.91982555    
  0.628748715    
  -0.00000000    
   7.98901081    
  0.628748715    
  -5.00000000    
   0.00000000    
   0.00000000    
  -4.99396229    
  0.393033385    
   0.00000000    
  -4.97568083    
  0.788070440    
   0.00000000    
  -4.94464636    
   1.18710458    
   0.00000000    
  -4.89998484    
   1.59210157    
   0.00000000    
  -4.84042597    
   2.00497031    
   0.00000000    
  -4.76425505    
   2.42750931    
   0.00000000    
  -4.66924953    
   2.86132002    
   0.00000000    
  -4.55261469    
   3.30766821    
   0.00000000    
  -4.41090918    
   3.76727223    
   0.00000000    
  -4.23999166    
   4.23999166    
   0.00000000    
  -4.03500986    
   4.72439003    
   0.00000000    
  -3.79047871    
   5.21714640    
   0.00000000    
  -3.50051880    
   5.71232843    
   0.00000000    
  -3.15935636    
   6.20058727    
   0.00000000    
  -2.76216578    
   6.66845798    
   0.00000000    
  -2.30631495    
   7.09810781    
   0.00000000    
  -1.79290509    
   7.46798897    
   0.00000000    
  -1.22825074    
   7.75486851    
   0.00000000    
 -0.624680400    
   7.93731833    
   0.00000000    
  -0.00000000    
   8.00000000    
   0.00000000    
  -0.00000000    
  -0.00000000    
   12.0000000    
 -0.928011239    
  -0.00000000    
   11.7915001    
  -0.00000000    
 -0.937907636    
   11.7915001    
  -1.77658987    
  -0.00000000    
   11.6750374    
  -1.28112078    
  -1.28112078    
   11.6750374    
  -0.00000000    
  -1.84914434    
   11.6750374    
  -2.49622607    
  -0.00000000    
   11.2902241    
  -2.20404506    
  -1.27250600    
   11.2902241    
  -1.32591510    
  -2.29655266    
   11.2902241    
  -0.00000000    
  -2.71054316    
   11.2902241    
  -3.07468629    
  -0.00000000    
   10.7870283    
  -2.88981867    
  -1.19700217    
   10.7870283    
  -2.31135941    
  -2.31135941    
   10.7870283    
  -1.31279910    
  -3.16937733    
   10.7870283    
  -0.00000000    
  -3.50491810    
   10.7870283    
  -3.52508044    
  -0.00000000    
   10.1928005    
  -3.40211177    
  -1.10541308    
   10.1928005    
  -3.01390195    
  -2.18972778    
   10.1928005    
  -2.31401587    
  -3.18496966    
   10.1928005    
  -1.27841723    
  -3.93456411    
   10.1928005    
  -0.00000000    
  -4.22199678    
   10.1928005    
  -3.87059712    
  -0.00000000    
   9.53421497    
  -3.78529406    
  -1.01426649    
   9.53421497    
  -3.51638794    
  -2.03018761    
   9.53421497    
  -3.02720809    
  -3.02720809    
   9.53421497    
  -2.27114081    
  -3.93373179    
   9.53421497    
  -1.23377705    
  -4.60452032    
   9.53421497    
  -0.00000000    
  -4.85792542    
   9.53421497    
  -4.13475132    
  -0.00000000    
   8.83468723    
  -4.07332802    
 -0.929710567    
   8.83468723    
  -3.88060665    
  -1.86880171    
   8.83468723    
  -3.53133845    
  -2.81614828    
   8.83468723    
  -2.98620868    
  -3.74458742    
   8.83468723    
  -2.20537329    
  -4.57950592    
   8.83468723    
  -1.18394756    
  -5.18721199    
   8.83468723    
  -0.00000000    
  -5.41390371    
   8.83468723    
  -4.33735466    
  -0.00000000    
   8.11312103    
  -4.29162788    
 -0.853657961    
   8.11312103    
  -4.14892292    
  -1.71854019    
   8.11312103    
  -3.89233899    
  -2.60077786    
   8.11312103    
  -3.49350476    
  -3.49350476    
   8.11312103    
  -2.91581488    
  -4.36382627    
   8.11312103    
  -2.12764883    
  -5.13659859    
   8.11312103    
  -1.13186717    
  -5.69028282    
   8.11312103    
  -0.00000000    
  -5.89452744    
   8.11312103    
  -4.49375486    
  -0.00000000    
   7.38371229    
  -4.45869780    
 -0.786188841    
   7.38371229    
  -4.34983540    
  -1.58321071    
   7.38371229    
  -4.15579510    
  -2.39934945    
   7.38371229    
  -3.85688353    
  -3.23630977    
   7.38371229    
  -3.42528033    
  -4.08209085    
   7.38371229    
  -2.82893348    
  -4.89985704    
   7.38371229    
  -2.04409218    
  -5.61609936    
   7.38371229    
  -1.07941258    
  -6.12165546    
   7.38371229    
  -0.00000000    
  -6.30628586    
   7.38371229    
  -4.61538506    
  -0.00000000    
   6.65640259    
  -4.58780241    
 -0.726636589    
   6.65640259    
  -4.50253296    
  -1.46296167    
   6.65640259    
  -4.35178328    
  -2.21734428    
   6.65640259    
  -4.12189674    
  -2.99473310    
   6.65640259    
  -3.79283738    
  -3.79283738    
   6.65640259    
  -3.33889103    
  -4.59558964    
   6.65640259    
  -2.73303246    
  -5.36387968    
   6.65640259    
  -1.95843160    
  -6.02743340    
   6.65640259    
  -1.02779746    
  -6.48925686    
   6.65640259    
  -0.00000000    
  -6.65640259    
   6.65640259    
  -4.71061039    
  -0.00000000    
   5.93761158    
  -4.68841362    
 -0.674092174    
   5.93761158    
  -4.62005758    
  -1.35657144    
   5.93761158    
  -4.50008202    
  -2.05511880    
   5.93761158    
  -4.31889248    
  -2.77558374    
   5.93761158    
  -4.06219387    
  -3.51991177    
   5.93761158    
  -3.71076870    
  -4.28245544    
   5.93761158    
  -3.24165726    
  -5.04411793    
   5.93761158    
  -2.63274217    
  -5.76490259    
   5.93761158    
  -1.87300587    
  -6.37887287    
   5.93761158    
 -0.977783144    
  -6.80063534    
   5.93761158    
  -0.00000000    
  -6.95205021    
   5.93761158    
  -4.78552580    
  -0.00000000    
   5.23102427    
  -4.76730871    
 -0.627628088    
   5.23102427    
  -4.71139050    
  -1.26241326    
   5.23102427    
  -4.61385965    
  -1.91112339    
   5.23102427    
  -4.46785069    
  -2.57951474    
   5.23102427    
  -4.26308727    
  -3.27118230    
   5.23102427    
  -3.98547339    
  -3.98547339    
   5.23102427    
  -3.61718607    
  -4.71400928    
   5.23102427    
  -3.13823819    
  -5.43558884    
   5.23102427    
  -2.53103495    
  -6.11045885    
   5.23102427    
  -1.78928077    
  -6.67768908    
   5.23102427    
 -0.929818451    
  -7.06267595    
   5.23102427    
  -0.00000000    
  -7.19988775    
   5.23102427    
  -4.84457111    
  -0.00000000    
   4.53829193    
  -4.82936144    
 -0.586390674    
   4.53829193    
  -4.78280163    
  -1.17885482    
   4.53829193    
  -4.70203161    
  -1.78324544    
   4.53829193    
  -4.58204031    
  -2.40484047    
   4.53829193    
  -4.41533375    
  -3.04768491    
   4.53829193    
  -4.19155502    
  -3.71339345    
   4.53829193    
  -3.89726567    
  -4.39910412    
   4.53829193    
  -3.51632905    
  -5.09428263    
   4.53829193    
  -3.03171206    
  -5.77644396    
   4.53829193    
  -2.42983580    
  -6.40695095    
   4.53829193    
  -1.70814192    
  -6.93020630    
   4.53829193    
 -0.884127975    
  -7.28144836    
   4.53829193    
  -0.00000000    
  -7.40582037    
   4.53829193    
  -4.89099073    
  -0.00000000    
   3.85960960    
  -4.87809896    
 -0.549629748    
   3.85960960    
  -4.83872795    
  -1.10440803    
   3.85960960    
  -4.77074194    
  -1.66935468    
   3.85960960    
  -4.67041636    
  -2.24915409    
   3.85960960    
  -4.53219366    
  -2.84776640    
   3.85960960    
  -4.34838533    
  -3.46772146    
   3.85960960    
  -4.10890675    
  -4.10890675    
   3.85960960    
  -3.80124307    
  -4.76660824    
   3.85960960    
  -3.41106200    
  -5.42867517    
   3.85960960    
  -2.92413950    
  -6.07204008    
   3.85960960    
  -2.33037257    
  -6.65982485    
   3.85960960    
  -1.63007736    
  -7.14183426    
   3.85960960    
 -0.840782285    
  -7.46214914    
   3.85960960    
  -0.00000000    
  -7.57491207    
   3.85960960    
  -4.92715597    
  -0.00000000    
   3.19416118    
  -4.91608334    
 -0.516701162    
   3.19416118    
  -4.88233423    
  -1.03777218    
   3.19416118    
  -4.82428837    
  -1.56750631    
   3.19416118    
  -4.73912430    
  -2.10999417    
   3.19416118    
  -4.62265110    
  -2.66888881    
   3.19416118    
  -4.46908474    
  -3.24697995    
   3.19416118    
  -4.27081251    
  -3.84545684    
   3.19416118    
  -4.01823807    
  -4.46270609    
   3.19416118    
  -3.69992256    
  -5.09250689    
   3.19416118    
  -3.30335522    
  -5.72157955    
   3.19416118    
  -2.81689835    
  -6.32685804    
   3.19416118    
  -2.23339248    
  -6.87367582    
   3.19416118    
  -1.55530238    
  -7.31712389    
   3.19416118    
 -0.799751043    
  -7.60912609    
   3.19416118    
  -0.00000000    
  -7.71138716    
   3.19416118    
  -4.95479918    
  -0.00000000    
   2.54044032    
  -4.94517612    
 -0.487057358    
   2.54044032    
  -4.91589737    
 -0.977832794    
   2.54044032    
  -4.86571026    
  -1.47599709    
   2.54044032    
  -4.79244328    
  -1.98509526    
   2.54044032    
  -4.69288635    
  -2.50840020    
   2.54044032    
  -4.56262255    
  -3.04864717    
   2.54044032    
  -4.39584494    
  -3.60757732    
   2.54044032    
  -4.18518925    
  -4.18518925    
   2.54044032    
  -3.92169166    
  -4.77859497    
   2.54044032    
  -3.59506249    
  -5.38039207    
   2.54044032    
  -3.19456029    
  -5.97660303    
   2.54044032    
  -2.71087933    
  -6.54464149    
   2.54044032    
  -2.13930297    
  -7.05233812    
   2.54044032    
  -1.48385012    
  -7.45982170    
   2.54044032    
 -0.760936439    
  -7.72591782    
   2.54044032    
  -0.00000000    
  -7.81867170    
   2.54044032    
  -4.97517014    
  -0.00000000    
   1.89649212    
  -4.96671867    
 -0.460234284    
   1.89649212    
  -4.94104433    
 -0.923641205    
   1.89649212    
  -4.89716387    
  -1.39336312    
   1.89649212    
  -4.83338070    
  -1.87246168    
   1.89649212    
  -4.74719906    
  -2.36382437    
   1.89649212    
  -4.63519859    
  -2.86999345    
   1.89649212    
  -4.49289370    
  -3.39287615    
   1.89649212    
  -4.31459236    
  -3.93327045    
   1.89649212    
  -4.09329796    
  -4.49013424    
   1.89649212    
  -3.82076883    
  -5.05951595    
   1.89649212    
  -3.48788691    
  -5.63313198    
   1.89649212    
  -3.08558846    
  -6.19669724    
   1.89649212    
  -2.60662365    
  -6.72847223    
   1.89649212    
  -2.04827261    
  -7.19893503    
   1.89649212    
  -1.41562605    
  -7.57293367    
   1.89649212    
 -0.724196494    
  -7.81532383    
   1.89649212    
  -0.00000000    
  -7.89946032    
   1.89649212    
  -4.98914766    
  -0.00000000    
   1.26007080    
  -4.98165512    
 -0.435838372    
   1.26007080    
  -4.95892286    
 -0.874391973    
   1.26007080    
  -4.92016983    
  -1.31835556    
   1.26007080    
  -4.86405277    
  -1.77037060    
   1.26007080    
  -4.78860235    
  -2.23296237    
   1.26007080    
  -4.69113493    
  -2.70842814    
   1.26007080    
  -4.56814384    
  -3.19864917    
   1.26007080    
  -4.41518354    
  -3.70477891    
   1.26007080    
  -4.22677469    
  -4.22677469    
   1.26007080    
  -3.99637437    
  -4.76269388    
   1.26007080    
  -3.71651220    
  -5.30773020    
   1.26007080    
  -3.37923026    
  -5.85299921    
   1.26007080    
  -2.97701669    
  -6.38423347    
   1.26007080    
  -2.50441241    
  -6.88081932    
   1.26007080    
  -1.96029937    
  -7.31593561    
   1.26007080    
  -1.35044968    
  -7.65878439    
   1.26007080    
 -0.689363122    
  -7.87946224    
   1.26007080    
  -0.00000000    
  -7.95577240    
   1.26007080    
  -4.99731350    
  -0.00000000    
  0.628748715    
  -4.99061441    
 -0.413534105    
  0.628748715    
  -4.97031069    
 -0.829398096    
  0.628748715    
  -4.93577337    
  -1.24990761    
  0.628748715    
  -4.88592768    
  -1.67734098    
  0.628748715    
  -4.81919956    
  -2.11389709    
  0.628748715    
  -4.73345661    
  -2.56161857    
  0.628748715    
  -4.62592316    
  -3.02226663    
  0.628748715    
  -4.49309158    
  -3.49711347    
  0.628748715    
  -4.33064032    
  -3.98663497    
  0.628748715    
  -4.13337278    
  -4.49004030    
  0.628748715    
  -3.89525843    
  -5.00462818    
  0.628748715    
  -3.60962176    
  -5.52493715    
  0.628748715    
  -3.26962352    
  -6.04173565    
  0.628748715    
  -2.86916876    
  -6.54104757    
  0.628748715    
  -2.40433288    
  -7.00358295    
  0.628748715    
  -1.87525082    
  -7.40519810    
  0.628748715    
  -1.28808379    
  -7.71906519    
  0.628748715    
 -0.656255543    
  -7.91982555    
  0.628748715    
  -0.00000000    
  -7.98901081    
  0.628748715    
  -5.00000000    
  -0.00000000    
   0.00000000    
  -4.99396229    
 -0.393033385    
   0.00000000    
  -4.97568083    
 -0.788070440    
   0.00000000    
  -4.94464636    
  -1.18710458    
   0.00000000    
  -4.89998484    
  -1.59210157    
   0.00000000    
  -4.84042597    
  -2.00497031    
   0.00000000    
  -4.76425505    
  -2.42750931    
   0.00000000    
  -4.66924953    
  -2.86132002    
   0.00000000    
  -4.55261469    
  -3.30766821    
   0.00000000    
  -4.41090918    
  -3.76727223    
   0.00000000    
  -4.23999166    
  -4.23999166    
   0.00000000    
  -4.03500986    
  -4.72439003    
   0.00000000    
  -3.79047871    
  -5.21714640    
   0.00000000    
  -3.50051880    
  -5.71232843    
   0.00000000    
  -3.15935636    
  -6.20058727    
   0.00000000    
  -2.76216578    
  -6.66845798    
   0.00000000    
  -2.30631495    
  -7.09810781    
   0.00000000    
  -1.79290509    
  -7.46798897    
   0.00000000    
  -1.22825074    
  -7.75486851    
   0.00000000    
 -0.624680400    
  -7.93731833    
   0.00000000    
  -0.00000000    
  -8.00000000    
   0.00000000    
   0.00000000    
  -0.00000000    
   12.0000000    
  0.928011239    
  -0.00000000    
   11.7915001    
   0.00000000    
 -0.937907636    
   11.7915001    
   1.77658987    
  -0.00000000    
   11.6750374    
   1.28112078    
  -1.28112078    
   11.6750374    
   0.00000000    
  -1.84914434    
   11.6750374    
   2.49622607    
  -0.00000000    
   11.2902241    
   2.20404506    
  -1.27250600    
   11.2902241    
   1.32591510    
  -2.29655266    
   11.2902241    
   0.00000000    
  -2.71054316    
   11.2902241    
   3.07468629    
  -0.00000000    
   10.7870283    
   2.88981867    
  -1.19700217    
   10.7870283    
   2.31135941    
  -2.31135941    
   10.7870283    
   1.31279910    
  -3.16937733    
   10.7870283    
   0.00000000    
  -3.50491810    
   10.7870283    
   3.52508044    
  -0.00000000    
   10.1928005    
   3.40211177    
  -1.10541308    
   10.1928005    
   3.01390195    
  -2.18972778    
   10.1928005    
   2.31401587    
  -3.18496966    
   10.1928005    
   1.27841723    
  -3.93456411    
   10.1928005    
   0.00000000    
  -4.22199678    
   10.1928005    
   3.87059712    
  -0.00000000    
   9.53421497    
   3.78529406    
  -1.01426649    
   9.53421497    
   3.51638794    
  -2.03018761    
   9.53421497    
   3.02720809    
  -3.02720809    
   9.53421497    
   2.27114081    
  -3.93373179    
   9.53421497    
   1.23377705    
  -4.60452032    
   9.53421497    
   0.00000000    
  -4.85792542    
   9.53421497    
   4.13475132    
  -0.00000000    
   8.83468723    
   4.07332802    
 -0.929710567    
   8.83468723    
   3.88060665    
  -1.86880171    
   8.83468723    
   3.53133845    
  -2.81614828    
   8.83468723    
   2.98620868    
  -3.74458742    
   8.83468723    
   2.20537329    
  -4.57950592    
   8.83468723    
   1.18394756    
  -5.18721199    
   8.83468723    
   0.00000000    
  -5.41390371    
   8.83468723    
   4.33735466    
  -0.00000000    
   8.11312103    
   4.29162788    
 -0.853657961    
   8.11312103    
   4.14892292    
  -1.71854019    
   8.11312103    
   3.89233899    
  -2.60077786    
   8.11312103    
   3.49350476    
  -3.49350476    
   8.11312103    
   2.91581488    
  -4.36382627    
   8.11312103    
   2.12764883    
  -5.13659859    
   8.11312103    
   1.13186717    
  -5.69028282    
   8.11312103    
   0.00000000    
  -5.89452744    
   8.11312103    
   4.49375486    
  -0.00000000    
   7.38371229    
   4.45869780    
 -0.786188841    
   7.38371229    
   4.34983540    
  -1.58321071    
   7.38371229    
   4.15579510    
  -2.39934945    
   7.38371229    
   3.85688353    
  -3.23630977    
   7.38371229    
   3.42528033    
  -4.08209085    
   7.38371229    
   2.82893348    
  -4.89985704    
   7.38371229    
   2.04409218    
  -5.61609936    
   7.38371229    
   1.07941258    
  -6.12165546    
   7.38371229    
   0.00000000    
  -6.30628586    
   7.38371229    
   4.61538506    
  -0.00000000    
   6.65640259    
   4.58780241    
 -0.726636589    
   6.65640259    
   4.50253296    
  -1.46296167    
   6.65640259    
   4.35178328    
  -2.21734428    
   6.65640259    
   4.12189674    
  -2.99473310    
   6.65640259    
   3.79283738    
  -3.79283738    
   6.65640259    
   3.33889103    
  -4.59558964    
   6.65640259    
   2.73303246    
  -5.36387968    
   6.65640259    
   1.95843160    
  -6.02743340    
   6.65640259    
   1.02779746    
  -6.48925686    
   6.65640259    
   0.00000000    
  -6.65640259    
   6.65640259    
   4.71061039    
  -0.00000000    
   5.93761158    
   4.68841362    
 -0.674092174    
   5.93761158    
   4.62005758    
  -1.35657144    
   5.93761158    
   4.50008202    
  -2.05511880    
   5.93761158    
   4.31889248    
  -2.77558374    
   5.93761158    
   4.06219387    
  -3.51991177    
   5.93761158    
   3.71076870    
  -4.28245544    
   5.93761158    
   3.24165726    
  -5.04411793    
   5.93761158    
   2.63274217    
  -5.76490259    
   5.93761158    
   1.87300587    
  -6.37887287    
   5.93761158    
  0.977783144    
  -6.80063534    
   5.93761158    
   0.00000000    
  -6.95205021    
   5.93761158    
   4.78552580    
  -0.00000000    
   5.23102427    
   4.76730871    
 -0.627628088    
   5.23102427    
   4.71139050    
  -1.26241326    
   5.23102427    
   4.61385965    
  -1.91112339    
   5.23102427    
   4.46785069    
  -2.57951474    
   5.23102427    
   4.26308727    
  -3.27118230    
   5.23102427    
   3.98547339    
  -3.98547339    
   5.23102427    
   3.61718607    
  -4.71400928    
   5.23102427    
   3.13823819    
  -5.43558884    
   5.23102427    
   2.53103495    
  -6.11045885    
   5.23102427    
   1.78928077    
  -6.67768908    
   5.23102427    
  0.929818451    
  -7.06267595    
   5.23102427    
   0.00000000    
  -7.19988775    
   5.23102427    
   4.84457111    
  -0.00000000    
   4.53829193    
   4.82936144    
 -0.586390674    
   4.53829193    
   4.78280163    
  -1.17885482    
   4.53829193    
   4.70203161    
  -1.78324544    
   4.53829193    
   4.58204031    
  -2.40484047    
   4.53829193    
   4.41533375    
  -3.04768491    
   4.53829193    
   4.19155502    
  -3.71339345    
   4.53829193    
   3.89726567    
  -4.39910412    
   4.53829193    
   3.51632905    
  -5.09428263    
   4.53829193    
   3.03171206    
  -5.77644396    
   4.53829193    
   2.42983580    
  -6.40695095    
   4.53829193    
   1.70814192    
  -6.93020630    
   4.53829193    
  0.884127975    
  -7.28144836    
   4.53829193    
   0.00000000    
  -7.40582037    
   4.53829193    
   4.89099073    
  -0.00000000    
   3.85960960    
   4.87809896    
 -0.549629748    
   3.85960960    
   4.83872795    
  -1.10440803    
   3.85960960    
   4.77074194    
  -1.66935468    
   3.85960960    
   4.67041636    
  -2.24915409    
   3.85960960    
   4.53219366    
  -2.84776640    
   3.85960960    
   4.34838533    
  -3.46772146    
   3.85960960    
   4.10890675    
  -4.10890675    
   3.85960960    
   3.80124307    
  -4.76660824    
   3.85960960    
   3.41106200    
  -5.42867517    
   3.85960960    
   2.92413950    
  -6.07204008    
   3.85960960    
   2.33037257    
  -6.65982485    
   3.85960960    
   1.63007736    
  -7.14183426    
   3.85960960    
  0.840782285    
  -7.46214914    
   3.85960960    
   0.00000000    
  -7.57491207    
   3.85960960    
   4.92715597    
  -0.00000000    
   3.19416118    
   4.91608334    
 -0.516701162    
   3.19416118    
   4.88233423    
  -1.03777218    
   3.19416118    
   4.82428837    
  -1.56750631    
   3.19416118    
   4.73912430    
  -2.10999417    
   3.19416118    
   4.62265110    
  -2.66888881    
   3.19416118    
   4.46908474    
  -3.24697995    
   3.19416118    
   4.27081251    
  -3.84545684    
   3.19416118    
   4.01823807    
  -4.46270609    
   3.19416118    
   3.69992256    
  -5.09250689    
   3.19416118    
   3.30335522    
  -5.72157955    
   3.19416118    
   2.81689835    
  -6.32685804    
   3.19416118    
   2.23339248    
  -6.87367582    
   3.19416118    
   1.55530238    
  -7.31712389    
   3.19416118    
  0.799751043    
  -7.60912609    
   3.19416118    
   0.00000000    
  -7.71138716    
   3.19416118    
   4.95479918    
  -0.00000000    
   2.54044032    
   4.94517612    
 -0.487057358    
   2.54044032    
   4.91589737    
 -0.977832794    
   2.54044032    
   4.86571026    
  -1.47599709    
   2.54044032    
   4.79244328    
  -1.98509526    
   2.54044032    
   4.69288635    
  -2.50840020    
   2.54044032    
   4.56262255    
  -3.04864717    
   2.54044032    
   4.39584494    
  -3.60757732    
   2.54044032    
   4.18518925    
  -4.18518925    
   2.54044032    
   3.92169166    
  -4.77859497    
   2.54044032    
   3.59506249    
  -5.38039207    
   2.54044032    
   3.19456029    
  -5.97660303    
   2.54044032    
   2.71087933    
  -6.54464149    
   2.54044032    
   2.13930297    
  -7.05233812    
   2.54044032    
   1.48385012    
  -7.45982170    
   2.54044032    
  0.760936439    
  -7.72591782    
   2.54044032    
   0.00000000    
  -7.81867170    
   2.54044032    
   4.97517014    
  -0.00000000    
   1.89649212    
   4.96671867    
 -0.460234284    
   1.89649212    
   4.94104433    
 -0.923641205    
   1.89649212    
   4.89716387    
  -1.39336312    
   1.89649212    
   4.83338070    
  -1.87246168    
   1.89649212    
   4.74719906    
  -2.36382437    
   1.89649212    
   4.63519859    
  -2.86999345    
   1.89649212    
   4.49289370    
  -3.39287615    
   1.89649212    
   4.31459236    
  -3.93327045    
   1.89649212    
   4.09329796    
  -4.49013424    
   1.89649212    
   3.82076883    
  -5.05951595    
   1.89649212    
   3.48788691    
  -5.63313198    
   1.89649212    
   3.08558846    
  -6.19669724    
   1.89649212    
   2.60662365    
  -6.72847223    
   1.89649212    
   2.04827261    
  -7.19893503    
   1.89649212    
   1.41562605    
  -7.57293367    
   1.89649212    
  0.724196494    
  -7.81532383    
   1.89649212    
   0.00000000    
  -7.89946032    
   1.89649212    
   4.98914766    
  -0.00000000    
   1.26007080    
   4.98165512    
 -0.435838372    
   1.26007080    
   4.95892286    
 -0.874391973    
   1.26007080    
   4.92016983    
  -1.31835556    
   1.26007080    
   4.86405277    
  -1.77037060    
   1.26007080    
   4.78860235    
  -2.23296237    
   1.26007080    
   4.69113493    
  -2.70842814    
   1.26007080    
   4.56814384    
  -3.19864917    
   1.26007080    
   4.41518354    
  -3.70477891    
   1.26007080    
   4.22677469    
  -4.22677469    
   1.26007080    
   3.99637437    
  -4.76269388    
   1.26007080    
   3.71651220    
  -5.30773020    
   1.26007080    
   3.37923026    
  -5.85299921    
   1.26007080    
   2.97701669    
  -6.38423347    
   1.26007080    
   2.50441241    
  -6.88081932    
   1.26007080    
   1.96029937    
  -7.31593561    
   1.26007080    
   1.35044968    
  -7.65878439    
   1.26007080    
  0.689363122    
  -7.87946224    
   1.26007080    
   0.00000000    
  -7.95577240    
   1.26007080    
   4.99731350    
  -0.00000000    
  0.628748715    
   4.99061441    
 -0.413534105    
  0.628748715    
   4.97031069    
 -0.829398096    
  0.628748715    
   4.93577337    
  -1.24990761    
  0.628748715    
   4.88592768    
  -1.67734098    
  0.628748715    
   4.81919956    
  -2.11389709    
  0.628748715    
   4.73345661    
  -2.56161857    
  0.628748715    
   4.62592316    
  -3.02226663    
  0.628748715    
   4.49309158    
  -3.49711347    
  0.628748715    
   4.33064032    
  -3.98663497    
  0.628748715    
   4.13337278    
  -4.49004030    
  0.628748715    
   3.89525843    
  -5.00462818    
  0.628748715    
   3.60962176    
  -5.52493715    
  0.628748715    
   3.26962352    
  -6.04173565    
  0.628748715    
   2.86916876    
  -6.54104757    
  0.628748715    
   2.40433288    
  -7.00358295    
  0.628748715    
   1.87525082    
  -7.40519810    
  0.628748715    
   1.28808379    
  -7.71906519    
  0.628748715    
  0.656255543    
  -7.91982555    
  0.628748715    
   0.00000000    
  -7.98901081    
  0.628748715    
   5.00000000    
  -0.00000000    
   0.00000000    
   4.99396229    
 -0.393033385    
   0.00000000    
   4.97568083    
 -0.788070440    
   0.00000000    
   4.94464636    
  -1.18710458    
   0.00000000    
   4.89998484    
  -1.59210157    
   0.00000000    
   4.84042597    
  -2.00497031    
   0.00000000    
   4.76425505    
  -2.42750931    
   0.00000000    
   4.66924953    
  -2.86132002    
   0.00000000    
   4.55261469    
  -3.30766821    
   0.00000000    
   4.41090918    
  -3.76727223    
   0.00000000    
   4.23999166    
  -4.23999166    
   0.00000000    
   4.03500986    
  -4.72439003    
   0.00000000    
   3.79047871    
  -5.21714640    
   0.00000000    
   3.50051880    
  -5.71232843    
   0.00000000    
   3.15935636    
  -6.20058727    
   0.00000000    
   2.76216578    
  -6.66845798    
   0.00000000    
   2.30631495    
  -7.09810781    
   0.00000000    
   1.79290509    
  -7.46798897    
   0.00000000    
   1.22825074    
  -7.75486851    
   0.00000000    
  0.624680400    
  -7.93731833    
   0.00000000    
   0.00000000    
  -8.00000000    
   0.00000000    
   0.00000000    
   0.00000000    
  -12.0000000    
  0.928011239    
   0.00000000    
  -11.7915001    
   0.00000000    
  0.937907636    
  -11.7915001    
   1.77658987    
   0.00000000    
  -11.6750374    
   1.28112078    
   1.28112078    
  -11.6750374    
   0.00000000    
   1.84914434    
  -11.6750374    
   2.49622607    
   0.00000000    
  -11.2902241    
   2.20404506    
   1.27250600    
  -11.2902241    
   1.32591510    
   2.29655266    
  -11.2902241    
   0.00000000    
   2.71054316    
  -11.2902241    
   3.07468629    
   0.00000000    
  -10.7870283    
   2.88981867    
   1.19700217    
  -10.7870283    
   2.31135941    
   2.31135941    
  -10.7870283    
   1.31279910    
   3.16937733    
  -10.7870283    
   0.00000000    
   3.50491810    
  -10.7870283    
   3.52508044    
   0.00000000    
  -10.1928005    
   3.40211177    
   1.10541308    
  -10.1928005    
   3.01390195    
   2.18972778    
  -10.1928005    
   2.31401587    
   3.18496966    
  -10.1928005    
   1.27841723    
   3.93456411    
  -10.1928005    
   0.00000000    
   4.22199678    
  -10.1928005    
   3.87059712    
   0.00000000    
  -9.53421497    
   3.78529406    
   1.01426649    
  -9.53421497    
   3.51638794    
   2.03018761    
  -9.53421497    
   3.02720809    
   3.02720809    
  -9.53421497    
   2.27114081    
   3.93373179    
  -9.53421497    
   1.23377705    
   4.60452032    
  -9.53421497    
   0.00000000    
   4.85792542    
  -9.53421497    
   4.13475132    
   0.00000000    
  -8.83468723    
   4.07332802    
  0.929710567    
  -8.83468723    
   3.88060665    
   1.86880171    
  -8.83468723    
   3.53133845    
   2.81614828    
  -8.83468723    
   2.98620868    
   3.74458742    
  -8.83468723    
   2.20537329    
   4.57950592    
  -8.83468723    
   1.18394756    
   5.18721199    
  -8.83468723    
   0.00000000    
   5.41390371    
  -8.83468723    
   4.33735466    
   0.00000000    
  -8.11312103    
   4.29162788    
  0.853657961    
  -8.11312103    
   4.14892292    
   1.71854019    
  -8.11312103    
   3.89233899    
   2.60077786    
  -8.11312103    
   3.49350476    
   3.49350476    
  -8.11312103    
   2.91581488    
   4.36382627    
  -8.11312103    
   2.12764883    
   5.13659859    
  -8.11312103    
   1.13186717    
   5.69028282    
  -8.11312103    
   0.00000000    
   5.89452744    
  -8.11312103    
   4.49375486    
   0.00000000    
  -7.38371229    
   4.45869780    
  0.786188841    
  -7.38371229    
   4.34983540    
   1.58321071    
  -7.38371229    
   4.15579510    
   2.39934945    
  -7.38371229    
   3.85688353    
   3.23630977    
  -7.38371229    
   3.42528033    
   4.08209085    
  -7.38371229    
   2.82893348    
   4.89985704    
  -7.38371229    
   2.04409218    
   5.61609936    
  -7.38371229    
   1.07941258    
   6.12165546    
  -7.38371229    
   0.00000000    
   6.30628586    
  -7.38371229    
   4.61538506    
   0.00000000    
  -6.65640259    
   4.58780241    
  0.726636589    
  -6.65640259    
   4.50253296    
   1.46296167    
  -6.65640259    
   4.35178328    
   2.21734428    
  -6.65640259    
   4.12189674    
   2.99473310    
  -6.65640259    
   3.79283738    
   3.79283738    
  -6.65640259    
   3.33889103    
   4.59558964    
  -6.65640259    
   2.73303246    
   5.36387968    
  -6.65640259    
   1.95843160    
   6.02743340    
  -6.65640259    
   1.02779746    
   6.48925686    
  -6.65640259    
   0.00000000    
   6.65640259    
  -6.65640259    
   4.71061039    
   0.00000000    
  -5.93761158    
   4.68841362    
  0.674092174    
  -5.93761158    
   4.62005758    
   1.35657144    
  -5.93761158    
   4.50008202    
   2.05511880    
  -5.93761158    
   4.31889248    
   2.77558374    
  -5.93761158    
   4.06219387    
   3.51991177    
  -5.93761158    
   3.71076870    
   4.28245544    
  -5.93761158    
   3.24165726    
   5.04411793    
  -5.93761158    
   2.63274217    
   5.76490259    
  -5.93761158    
   1.87300587    
   6.37887287    
  -5.93761158    
  0.977783144    
   6.80063534    
  -5.93761158    
   0.00000000    
   6.95205021    
  -5.93761158    
   4.78552580    
   0.00000000    
  -5.23102427    
   4.76730871    
  0.627628088    
  -5.23102427    
   4.71139050    
   1.26241326    
  -5.23102427    
   4.61385965    
   1.91112339    
  -5.23102427    
   4.46785069    
   2.57951474    
  -5.23102427    
   4.26308727    
   3.27118230    
  -5.23102427    
   3.98547339    
   3.98547339    
  -5.23102427    
   3.61718607    
   4.71400928    
  -5.23102427    
   3.13823819    
   5.43558884    
  -5.23102427    
   2.53103495    
   6.11045885    
  -5.23102427    
   1.78928077    
   6.67768908    
  -5.23102427    
  0.929818451    
   7.06267595    
  -5.23102427    
   0.00000000    
   7.19988775    
  -5.23102427    
   4.84457111    
   0.00000000    
  -4.53829193    
   4.82936144    
  0.586390674    
  -4.53829193    
   4.78280163    
   1.17885482    
  -4.53829193    
   4.70203161    
   1.78324544    
  -4.53829193    
   4.58204031    
   2.40484047    
  -4.53829193    
   4.41533375    
   3.04768491    
  -4.53829193    
   4.19155502    
   3.71339345    
  -4.53829193    
   3.89726567    
   4.39910412    
  -4.53829193    
   3.51632905    
   5.09428263    
  -4.53829193    
   3.03171206    
   5.77644396    
  -4.53829193    
   2.42983580    
   6.40695095    
  -4.53829193    
   1.70814192    
   6.93020630    
  -4.53829193    
  0.884127975    
   7.28144836    
  -4.53829193    
   0.00000000    
   7.40582037    
  -4.53829193    
   4.89099073    
   0.00000000    
  -3.85960960    
   4.87809896    
  0.549629748    
  -3.85960960    
   4.83872795    
   1.10440803    
  -3.85960960    
   4.77074194    
   1.66935468    
  -3.85960960    
   4.67041636    
   2.24915409    
  -3.85960960    
   4.53219366    
   2.84776640    
  -3.85960960    
   4.34838533    
   3.46772146    
  -3.85960960    
   4.10890675    
   4.10890675    
  -3.85960960    
   3.80124307    
   4.76660824    
  -3.85960960    
   3.41106200    
   5.42867517    
  -3.85960960    
   2.92413950    
   6.07204008    
  -3.85960960    
   2.33037257    
   6.65982485    
  -3.85960960    
   1.63007736    
   7.14183426    
  -3.85960960    
  0.840782285    
   7.46214914    
  -3.85960960    
   0.00000000    
   7.57491207    
  -3.85960960    
   4.92715597    
   0.00000000    
  -3.19416118    
   4.91608334    
  0.516701162    
  -3.19416118    
   4.88233423    
   1.03777218    
  -3.19416118    
   4.82428837    
   1.56750631    
  -3.19416118    
   4.73912430    
   2.10999417    
  -3.19416118    
   4.62265110    
   2.66888881    
  -3.19416118    
   4.46908474    
   3.24697995    
  -3.19416118    
   4.27081251    
   3.84545684    
  -3.19416118    
   4.01823807    
   4.46270609    
  -3.19416118    
   3.69992256    
   5.09250689    
  -3.19416118    
   3.30335522    
   5.72157955    
  -3.19416118    
   2.81689835    
   6.32685804    
  -3.19416118    
   2.23339248    
   6.87367582    
  -3.19416118    
   1.55530238    
   7.31712389    
  -3.19416118    
  0.799751043    
   7.60912609    
  -3.19416118    
   0.00000000    
   7.71138716    
  -3.19416118    
   4.95479918    
   0.00000000    
  -2.54044032    
   4.94517612    
  0.487057358    
  -2.54044032    
   4.91589737    
  0.977832794    
  -2.54044032    
   4.86571026    
   1.47599709    
  -2.54044032    
   4.79244328    
   1.98509526    
  -2.54044032    
   4.69288635    
   2.50840020    
  -2.54044032    
   4.56262255    
   3.04864717    
  -2.54044032    
   4.39584494    
   3.60757732    
  -2.54044032    
   4.18518925    
   4.18518925    
  -2.54044032    
   3.92169166    
   4.77859497    
  -2.54044032    
   3.59506249    
   5.38039207    
  -2.54044032    
   3.19456029    
   5.97660303    
  -2.54044032    
   2.71087933    
   6.54464149    
  -2.54044032    
   2.13930297    
   7.05233812    
  -2.54044032    
   1.48385012    
   7.45982170    
  -2.54044032    
  0.760936439    
   7.72591782    
  -2.54044032    
   0.00000000    
   7.81867170    
  -2.54044032    
   4.97517014    
   0.00000000    
  -1.89649212    
   4.96671867    
  0.460234284    
  -1.89649212    
   4.94104433    
  0.923641205    
  -1.89649212    
   4.89716387    
   1.39336312    
  -1.89649212    
   4.83338070    
   1.87246168    
  -1.89649212    
   4.74719906    
   2.36382437    
  -1.89649212    
   4.63519859    
   2.86999345    
  -1.89649212    
   4.49289370    
   3.39287615    
  -1.89649212    
   4.31459236    
   3.93327045    
  -1.89649212    
   4.09329796    
   4.49013424    
  -1.89649212    
   3.82076883    
   5.05951595    
  -1.89649212    
   3.48788691    
   5.63313198    
  -1.89649212    
   3.08558846    
   6.19669724    
  -1.89649212    
   2.60662365    
   6.72847223    
  -1.89649212    
   2.04827261    
   7.19893503    
  -1.89649212    
   1.41562605    
   7.57293367    
  -1.89649212    
  0.724196494    
   7.81532383    
  -1.89649212    
   0.00000000    
   7.89946032    
  -1.89649212    
   4.98914766    
   0.00000000    
  -1.26007080    
   4.98165512    
  0.435838372    
  -1.26007080    
   4.95892286    
  0.874391973    
  -1.26007080    
   4.92016983    
   1.31835556    
  -1.26007080    
   4.86405277    
   1.77037060    
  -1.26007080    
   4.78860235    
   2.23296237    
  -1.26007080    
   4.69113493    
   2.70842814    
  -1.26007080    
   4.56814384    
   3.19864917    
  -1.26007080    
   4.41518354    
   3.70477891    
  -1.26007080    
   4.22677469    
   4.22677469    
  -1.26007080    
   3.99637437    
   4.76269388    
  -1.26007080    
   3.71651220    
   5.30773020    
  -1.26007080    
   3.37923026    
   5.85299921    
  -1.26007080    
   2.97701669    
   6.38423347    
  -1.26007080    
   2.50441241    
   6.88081932    
  -1.26007080    
   1.96029937    
   7.31593561    
  -1.26007080    
   1.35044968    
   7.65878439    
  -1.26007080    
  0.689363122    
   7.87946224    
  -1.26007080    
   0.00000000    
   7.95577240    
  -1.26007080    
   4.99731350    
   0.00000000    
 -0.628748715    
   4.99061441    
  0.413534105    
 -0.628748715    
   4.97031069    
  0.829398096    
 -0.628748715    
   4.93577337    
   1.24990761    
 -0.628748715    
   4.88592768    
   1.67734098    
 -0.628748715    
   4.81919956    
   2.11389709    
 -0.628748715    
   4.73345661    
   2.56161857    
 -0.628748715    
   4.62592316    
   3.02226663    
 -0.628748715    
   4.49309158    
   3.49711347    
 -0.628748715    
   4.33064032    
   3.98663497    
 -0.628748715    
   4.13337278    
   4.49004030    
 -0.628748715    
   3.89525843    
   5.00462818    
 -0.628748715    
   3.60962176    
   5.52493715    
 -0.628748715    
   3.26962352    
   6.04173565    
 -0.628748715    
   2.86916876    
   6.54104757    
 -0.628748715    
   2.40433288    
   7.00358295    
 -0.628748715    
   1.87525082    
   7.40519810    
 -0.628748715    
   1.28808379    
   7.71906519    
 -0.628748715    
  0.656255543    
   7.91982555    
 -0.628748715    
   0.00000000    
   7.98901081    
 -0.628748715    
   5.00000000    
   0.00000000    
  -0.00000000    
   4.99396229    
  0.393033385    
  -0.00000000    
   4.97568083    
  0.788070440    
  -0.00000000    
   4.94464636    
   1.18710458    
  -0.00000000    
   4.89998484    
   1.59210157    
  -0.00000000    
   4.84042597    
   2.00497031    
  -0.00000000    
   4.76425505    
   2.42750931    
  -0.00000000    
   4.66924953    
   2.86132002    
  -0.00000000    
   4.55261469    
   3.30766821    
  -0.00000000    
   4.41090918    
   3.76727223    
  -0.00000000    
   4.23999166    
   4.23999166    
  -0.00000000    
   4.03500986    
   4.72439003    
  -0.00000000    
   3.79047871    
   5.21714640    
  -0.00000000    
   3.50051880    
   5.71232843    
  -0.00000000    
   3.15935636    
   6.20058727    
  -0.00000000    
   2.76216578    
   6.66845798    
  -0.00000000    
   2.30631495    
   7.09810781    
  -0.00000000    
   1.79290509    
   7.46798897    
  -0.00000000    
   1.22825074    
   7.75486851    
  -0.00000000    
  0.624680400    
   7.93731833    
  -0.00000000    
   0.00000000    
   8.00000000    
  -0.00000000    
  -0.00000000    
   0.00000000    
  -12.0000000    
 -0.928011239    
   0.00000000    
  -11.7915001    
  -0.00000000    
  0.937907636    
  -11.7915001    
  -1.77658987    
   0.00000000    
  -11.6750374    
  -1.28112078    
   1.28112078    
  -11.6750374    
  -0.00000000    
   1.84914434    
  -11.6750374    
  -2.49622607    
   0.00000000    
  -11.2902241    
  -2.20404506    
   1.27250600    
  -11.2902241    
  -1.32591510    
   2.29655266    
  -11.2902241    
  -0.00000000    
   2.71054316    
  -11.2902241    
  -3.07468629    
   0.00000000    
  -10.7870283    
  -2.88981867    
   1.19700217    
  -10.7870283    
  -2.31135941    
   2.31135941    
  -10.7870283    
  -1.31279910    
   3.16937733    
  -10.7870283    
  -0.00000000    
   3.50491810    
  -10.7870283    
  -3.52508044    
   0.00000000    
  -10.1928005    
  -3.40211177    
   1.10541308    
  -10.1928005    
  -3.01390195    
   2.18972778    
  -10.1928005    
  -2.31401587    
   3.18496966    
  -10.1928005    
  -1.27841723    
   3.93456411    
  -10.1928005    
  -0.00000000    
   4.22199678    
  -10.1928005    
  -3.87059712    
   0.00000000    
  -9.53421497    
  -3.78529406    
   1.01426649    
  -9.53421497    
  -3.51638794    
   2.03018761    
  -9.53421497    
  -3.02720809    
   3.02720809    
  -9.53421497    
  -2.27114081    
   3.93373179    
  -9.53421497    
  -1.23377705    
   4.60452032    
  -9.53421497    
  -0.00000000    
   4.85792542    
  -9.53421497    
  -4.13475132    
   0.00000000    
  -8.83468723    
  -4.07332802    
  0.929710567    
  -8.83468723    
  -3.88060665    
   1.86880171    
  -8.83468723    
  -3.53133845    
   2.81614828    
  -8.83468723    
  -2.98620868    
   3.74458742    
  -8.83468723    
  -2.20537329    
   4.57950592    
  -8.83468723    
  -1.18394756    
   5.18721199    
  -8.83468723    
  -0.00000000    
   5.41390371    
  -8.83468723    
  -4.33735466    
   0.00000000    
  -8.11312103    
  -4.29162788    
  0.853657961    
  -8.11312103    
  -4.14892292    
   1.71854019    
  -8.11312103    
  -3.89233899    
   2.60077786    
  -8.11312103    
  -3.49350476    
   3.49350476    
  -8.11312103    
  -2.91581488    
   4.36382627    
  -8.11312103    
  -2.12764883    
   5.13659859    
  -8.11312103    
  -1.13186717    
   5.69028282    
  -8.11312103    
  -0.00000000    
   5.89452744    
  -8.11312103    
  -4.49375486    
   0.00000000    
  -7.38371229    
  -4.45869780    
  0.786188841    
  -7.38371229    
  -4.34983540    
   1.58321071    
  -7.38371229    
  -4.15579510    
   2.39934945    
  -7.38371229    
  -3.85688353    
   3.23630977    
  -7.38371229    
  -3.42528033    
   4.08209085    
  -7.38371229    
  -2.82893348    
   4.89985704    
  -7.38371229    
  -2.04409218    
   5.61609936    
  -7.38371229    
  -1.07941258    
   6.12165546    
  -7.38371229    
  -0.00000000    
   6.30628586    
  -7.38371229    
  -4.61538506    
   0.00000000    
  -6.65640259    
  -4.58780241    
  0.726636589    
  -6.65640259    
  -4.50253296    
   1.46296167    
  -6.65640259    
  -4.35178328    
   2.21734428    
  -6.65640259    
  -4.12189674    
   2.99473310    
  -6.65640259    
  -3.79283738    
   3.79283738    
  -6.65640259    
  -3.33889103    
   4.59558964    
  -6.65640259    
  -2.73303246    
   5.36387968    
  -6.65640259    
  -1.95843160    
   6.02743340    
  -6.65640259    
  -1.02779746    
   6.48925686    
  -6.65640259    
  -0.00000000    
   6.65640259    
  -6.65640259    
  -4.71061039    
   0.00000000    
  -5.93761158    
  -4.68841362    
  0.674092174    
  -5.93761158    
  -4.62005758    
   1.35657144    
  -5.93761158    
  -4.50008202    
   2.05511880    
  -5.93761158    
  -4.31889248    
   2.77558374    
  -5.93761158    
  -4.06219387    
   3.51991177    
  -5.93761158    
  -3.71076870    
   4.28245544    
  -5.93761158    
  -3.24165726    
   5.04411793    
  -5.93761158    
  -2.63274217    
   5.76490259    
  -5.93761158    
  -1.87300587    
   6.37887287    
  -5.93761158    
 -0.977783144    
   6.80063534    
  -5.93761158    
  -0.00000000    
   6.95205021    
  -5.93761158    
  -4.78552580    
   0.00000000    
  -5.23102427    
  -4.76730871    
  0.627628088    
  -5.23102427    
  -4.71139050    
   1.26241326    
  -5.23102427    
  -4.61385965    
   1.91112339    
  -5.23102427    
  -4.46785069    
   2.57951474    
  -5.23102427    
  -4.26308727    
   3.27118230    
  -5.23102427    
  -3.98547339    
   3.98547339    
  -5.23102427    
  -3.61718607    
   4.71400928    
  -5.23102427    
  -3.13823819    
   5.43558884    
  -5.23102427    
  -2.53103495    
   6.11045885    
  -5.23102427    
  -1.78928077    
   6.67768908    
  -5.23102427    
 -0.929818451    
   7.06267595    
  -5.23102427    
  -0.00000000    
   7.19988775    
  -5.23102427    
  -4.84457111    
   0.00000000    
  -4.53829193    
  -4.82936144    
  0.586390674    
  -4.53829193    
  -4.78280163    
   1.17885482    
  -4.53829193    
  -4.70203161    
   1.78324544    
  -4.53829193    
  -4.58204031    
   2.40484047    
  -4.53829193    
  -4.41533375    
   3.04768491    
  -4.53829193    
  -4.19155502    
   3.71339345    
  -4.53829193    
  -3.89726567    
   4.39910412    
  -4.53829193    
  -3.51632905    
   5.09428263    
  -4.53829193    
  -3.03171206    
   5.77644396    
  -4.53829193    
  -2.42983580    
   6.40695095    
  -4.53829193    
  -1.70814192    
   6.93020630    
  -4.53829193    
 -0.884127975    
   7.28144836    
  -4.53829193    
  -0.00000000    
   7.40582037    
  -4.53829193    
  -4.89099073    
   0.00000000    
  -3.85960960    
  -4.87809896    
  0.549629748    
  -3.85960960    
  -4.83872795    
   1.10440803    
  -3.85960960    
  -4.77074194    
   1.66935468    
  -3.85960960    
  -4.67041636    
   2.24915409    
  -3.85960960    
  -4.53219366    
   2.84776640    
  -3.85960960    
  -4.34838533    
   3.46772146    
  -3.85960960    
  -4.10890675    
   4.10890675    
  -3.85960960    
  -3.80124307    
   4.76660824    
  -3.85960960    
  -3.41106200    
   5.42867517    
  -3.85960960    
  -2.92413950    
   6.07204008    
  -3.85960960    
  -2.33037257    
   6.65982485    
  -3.85960960    
  -1.63007736    
   7.14183426    
  -3.85960960    
 -0.840782285    
   7.46214914    
  -3.85960960    
  -0.00000000    
   7.57491207    
  -3.85960960    
  -4.92715597    
   0.00000000    
  -3.19416118    
  -4.91608334    
  0.516701162    
  -3.19416118    
  -4.88233423    
   1.03777218    
  -3.19416118    
  -4.82428837    
   1.56750631    
  -3.19416118    
  -4.73912430    
   2.10999417    
  -3.19416118    
  -4.62265110    
   2.66888881    
  -3.19416118    
  -4.46908474    
   3.24697995    
  -3.19416118    
  -4.27081251    
   3.84545684    
  -3.19416118    
  -4.01823807    
   4.46270609    
  -3.19416118    
  -3.69992256    
   5.09250689    
  -3.19416118    
  -3.30335522    
   5.72157955    
  -3.19416118    
  -2.81689835    
   6.32685804    
  -3.19416118    
  -2.23339248    
   6.87367582    
  -3.19416118    
  -1.55530238    
   7.31712389    
  -3.19416118    
 -0.799751043    
   7.60912609    
  -3.19416118    
  -0.00000000    
   7.71138716    
  -3.19416118    
  -4.95479918    
   0.00000000    
  -2.54044032    
  -4.94517612    
  0.487057358    
  -2.54044032    
  -4.91589737    
  0.977832794    
  -2.54044032    
  -4.86571026    
   1.47599709    
  -2.54044032    
  -4.79244328    
   1.98509526    
  -2.54044032    
  -4.69288635    
   2.50840020    
  -2.54044032    
  -4.56262255    
   3.04864717    
  -2.54044032    
  -4.39584494    
   3.60757732    
  -2.54044032    
  -4.18518925    
   4.18518925    
  -2.54044032    
  -3.92169166    
   4.77859497    
  -2.54044032    
  -3.59506249    
   5.38039207    
  -2.54044032    
  -3.19456029    
   5.97660303    
  -2.54044032    
  -2.71087933    
   6.54464149    
  -2.54044032    
  -2.13930297    
   7.05233812    
  -2.54044032    
  -1.48385012    
   7.45982170    
  -2.54044032    
 -0.760936439    
   7.72591782    
  -2.54044032    
  -0.00000000    
   7.81867170    
  -2.54044032    
  -4.97517014    
   0.00000000    
  -1.89649212    
  -4.96671867    
  0.460234284    
  -1.89649212    
  -4.94104433    
  0.923641205    
  -1.89649212    
  -4.89716387    
   1.39336312    
  -1.89649212    
  -4.83338070    
   1.87246168    
  -1.89649212    
  -4.74719906    
   2.36382437    
  -1.89649212    
  -4.63519859    
   2.86999345    
  -1.89649212    
  -4.49289370    
   3.39287615    
  -1.89649212    
  -4.31459236    
   3.93327045    
  -1.89649212    
  -4.09329796    
   4.49013424    
  -1.89649212    
  -3.82076883    
   5.05951595    
  -1.89649212    
  -3.48788691    
   5.63313198    
  -1.89649212    
  -3.08558846    
   6.19669724    
  -1.89649212    
  -2.60662365    
   6.72847223    
  -1.89649212    
  -2.04827261    
   7.19893503    
  -1.89649212    
  -1.41562605    
   7.57293367    
  -1.89649212    
 -0.724196494    
   7.81532383    
  -1.89649212    
  -0.00000000    
   7.89946032    
  -1.89649212    
  -4.98914766    
   0.00000000    
  -1.26007080    
  -4.98165512    
  0.435838372    
  -1.26007080    
  -4.95892286    
  0.874391973    
  -1.26007080    
  -4.92016983    
   1.31835556    
  -1.26007080    
  -4.86405277    
   1.77037060    
  -1.26007080    
  -4.78860235    
   2.23296237    
  -1.26007080    
  -4.69113493    
   2.70842814    
  -1.26007080    
  -4.56814384    
   3.19864917    
  -1.26007080    
  -4.41518354    
   3.70477891    
  -1.26007080    
  -4.22677469    
   4.22677469    
  -1.26007080    
  -3.99637437    
   4.76269388    
  -1.26007080    
  -3.71651220    
   5.30773020    
  -1.26007080    
  -3.37923026    
   5.85299921    
  -1.26007080    
  -2.97701669    
   6.38423347    
  -1.26007080    
  -2.50441241    
   6.88081932    
  -1.26007080    
  -1.96029937    
   7.31593561    
  -1.26007080    
  -1.35044968    
   7.65878439    
  -1.26007080    
 -0.689363122    
   7.87946224    
  -1.26007080    
  -0.00000000    
   7.95577240    
  -1.26007080    
  -4.99731350    
   0.00000000    
 -0.628748715    
  -4.99061441    
  0.413534105    
 -0.628748715    
  -4.97031069    
  0.829398096    
 -0.628748715    
  -4.93577337    
   1.24990761    
 -0.628748715    
  -4.88592768    
   1.67734098    
 -0.628748715    
  -4.81919956    
   2.11389709    
 -0.628748715    
  -4.73345661    
   2.56161857    
 -0.628748715    
  -4.62592316    
   3.02226663    
 -0.628748715    
  -4.49309158    
   3.49711347    
 -0.628748715    
  -4.33064032    
   3.98663497    
 -0.628748715    
  -4.13337278    
   4.49004030    
 -0.628748715    
  -3.89525843    
   5.00462818    
 -0.628748715    
  -3.60962176    
   5.52493715    
 -0.628748715    
  -3.26962352    
   6.04173565    
 -0.628748715    
  -2.86916876    
   6.54104757    
 -0.628748715    
  -2.40433288    
   7.00358295    
 -0.628748715    
  -1.87525082    
   7.40519810    
 -0.628748715    
  -1.28808379    
   7.71906519    
 -0.628748715    
 -0.656255543    
   7.91982555    
 -0.628748715    
  -0.00000000    
   7.98901081    
 -0.628748715    
  -5.00000000    
   0.00000000    
  -0.00000000    
  -4.99396229    
  0.393033385    
  -0.00000000    
  -4.97568083    
  0.788070440    
  -0.00000000    
  -4.94464636    
   1.18710458    
  -0.00000000    
  -4.89998484    
   1.59210157    
  -0.00000000    
  -4.84042597    
   2.00497031    
  -0.00000000    
  -4.76425505    
   2.42750931    
  -0.00000000    
  -4.66924953    
   2.86132002    
  -0.00000000    
  -4.55261469    
   3.30766821    
  -0.00000000    
  -4.41090918    
   3.76727223    
  -0.00000000    
  -4.23999166    
   4.23999166    
  -0.00000000    
  -4.03500986    
   4.72439003    
  -0.00000000    
  -3.79047871    
   5.21714640    
  -0.00000000    
  -3.50051880    
   5.71232843    
  -0.00000000    
  -3.15935636    
   6.20058727    
  -0.00000000    
  -2.76216578    
   6.66845798    
  -0.00000000    
  -2.30631495    
   7.09810781    
  -0.00000000    
  -1.79290509    
   7.46798897    
  -0.00000000    
  -1.22825074    
   7.75486851    
  -0.00000000    
 -0.624680400    
   7.93731833    
  -0.00000000    
  -0.00000000    
   8.00000000    
  -0.00000000    
  -0.00000000    
  -0.00000000    
  -12.0000000    
 -0.928011239    
  -0.00000000    
  -11.7915001    
  -0.00000000    
 -0.937907636    
  -11.7915001    
  -1.77658987    
  -0.00000000    
  -11.6750374    
  -1.28112078    
  -1.28112078    
  -11.6750374    
  -0.00000000    
  -1.84914434    
  -11.6750374    
  -2.49622607    
  -0.00000000    
  -11.2902241    
  -2.20404506    
  -1.27250600    
  -11.2902241    
  -1.32591510    
  -2.29655266    
  -11.2902241    
  -0.00000000    
  -2.71054316    
  -11.2902241    
  -3.07468629    
  -0.00000000    
  -10.7870283    
  -2.88981867    
  -1.19700217    
  -10.7870283    
  -2.31135941    
  -2.31135941    
  -10.7870283    
  -1.31279910    
  -3.16937733    
  -10.7870283    
  -0.00000000    
  -3.50491810    
  -10.7870283    
  -3.52508044    
  -0.00000000    
  -10.1928005    
  -3.40211177    
  -1.10541308    
  -10.1928005    
  -3.01390195    
  -2.18972778    
  -10.1928005    
  -2.31401587    
  -3.18496966    
  -10.1928005    
  -1.27841723    
  -3.93456411    
  -10.1928005    
  -0.00000000    
  -4.22199678    
  -10.1928005    
  -3.87059712    
  -0.00000000    
  -9.53421497    
  -3.78529406    
  -1.01426649    
  -9.53421497    
  -3.51638794    
  -2.03018761    
  -9.53421497    
  -3.02720809    
  -3.02720809    
  -9.53421497    
  -2.27114081    
  -3.93373179    
  -9.53421497    
  -1.23377705    
  -4.60452032    
  -9.53421497    
  -0.00000000    
  -4.85792542    
  -9.53421497    
  -4.13475132    
  -0.00000000    
  -8.83468723    
  -4.07332802    
 -0.929710567    
  -8.83468723    
  -3.88060665    
  -1.86880171    
  -8.83468723    
  -3.53133845    
  -2.81614828    
  -8.83468723    
  -2.98620868    
  -3.74458742    
  -8.83468723    
  -2.20537329    
  -4.57950592    
  -8.83468723    
  -1.18394756    
  -5.18721199    
  -8.83468723    
  -0.00000000    
  -5.41390371    
  -8.83468723    
  -4.33735466    
  -0.00000000    
  -8.11312103    
  -4.29162788    
 -0.853657961    
  -8.11312103    
  -4.14892292    
  -1.71854019    
  -8.11312103    
  -3.89233899    
  -2.60077786    
  -8.11312103    
  -3.49350476    
  -3.49350476    
  -8.11312103    
  -2.91581488    
  -4.36382627    
  -8.11312103    
  -2.12764883    
  -5.13659859    
  -8.11312103    
  -1.13186717    
  -5.69028282    
  -8.11312103    
  -0.00000000    
  -5.89452744    
  -8.11312103    
  -4.49375486    
  -0.00000000    
  -7.38371229    
  -4.45869780    
 -0.786188841    
  -7.38371229    
  -4.34983540    
  -1.58321071    
  -7.38371229    
  -4.15579510    
  -2.39934945    
  -7.38371229    
  -3.85688353    
  -3.23630977    
  -7.38371229    
  -3.42528033    
  -4.08209085    
  -7.38371229    
  -2.82893348    
  -4.89985704    
  -7.38371229    
  -2.04409218    
  -5.61609936    
  -7.38371229    
  -1.07941258    
  -6.12165546    
  -7.38371229    
  -0.00000000    
  -6.30628586    
  -7.38371229    
  -4.61538506    
  -0.00000000    
  -6.65640259    
  -4.58780241    
 -0.726636589    
  -6.65640259    
  -4.50253296    
  -1.46296167    
  -6.65640259    
  -4.35178328    
  -2.21734428    
  -6.65640259    
  -4.12189674    
  -2.99473310    
  -6.65640259    
  -3.79283738    
  -3.79283738    
  -6.65640259    
  -3.33889103    
  -4.59558964    
  -6.65640259    
  -2.73303246    
  -5.36387968    
  -6.65640259    
  -1.95843160    
  -6.02743340    
  -6.65640259    
  -1.02779746    
  -6.48925686    
  -6.65640259    
  -0.00000000    
  -6.65640259    
  -6.65640259    
  -4.71061039    
  -0.00000000    
  -5.93761158    
  -4.68841362    
 -0.674092174    
  -5.93761158    
  -4.62005758    
  -1.35657144    
  -5.93761158    
  -4.50008202    
  -2.05511880    
  -5.93761158    
  -4.31889248    
  -2.77558374    
  -5.93761158    
  -4.06219387    
  -3.51991177    
  -5.93761158    
  -3.71076870    
  -4.28245544    
  -5.93761158    
  -3.24165726    
  -5.04411793    
  -5.93761158    
  -2.63274217    
  -5.76490259    
  -5.93761158    
  -1.87300587    
  -6.37887287    
  -5.93761158    
 -0.977783144    
  -6.80063534    
  -5.93761158    
  -0.00000000    
  -6.95205021    
  -5.93761158    
  -4.78552580    
  -0.00000000    
  -5.23102427    
  -4.76730871    
 -0.627628088    
  -5.23102427    
  -4.71139050    
  -1.26241326    
  -5.23102427    
  -4.61385965    
  -1.91112339    
  -5.23102427    
  -4.46785069    
  -2.57951474    
  -5.23102427    
  -4.26308727    
  -3.27118230    
  -5.23102427    
  -3.98547339    
  -3.98547339    
  -5.23102427    
  -3.61718607    
  -4.71400928    
  -5.23102427    
  -3.13823819    
  -5.43558884    
  -5.23102427    
  -2.53103495    
  -6.11045885    
  -5.23102427    
  -1.78928077    
  -6.67768908    
  -5.23102427    
 -0.929818451    
  -7.06267595    
  -5.23102427    
  -0.00000000    
  -7.19988775    
  -5.23102427    
  -4.84457111    
  -0.00000000    
  -4.53829193    
  -4.82936144    
 -0.586390674    
  -4.53829193    
  -4.78280163    
  -1.17885482    
  -4.53829193    
  -4.70203161    
  -1.78324544    
  -4.53829193    
  -4.58204031    
  -2.40484047    
  -4.53829193    
  -4.41533375    
  -3.04768491    
  -4.53829193    
  -4.19155502    
  -3.71339345    
  -4.53829193    
  -3.89726567    
  -4.39910412    
  -4.53829193    
  -3.51632905    
  -5.09428263    
  -4.53829193    
  -3.03171206    
  -5.77644396    
  -4.53829193    
  -2.42983580    
  -6.40695095    
  -4.53829193    
  -1.70814192    
  -6.93020630    
  -4.53829193    
 -0.884127975    
  -7.28144836    
  -4.53829193    
  -0.00000000    
  -7.40582037    
  -4.53829193    
  -4.89099073    
  -0.00000000    
  -3.85960960    
  -4.87809896    
 -0.549629748    
  -3.85960960    
  -4.83872795    
  -1.10440803    
  -3.85960960    
  -4.77074194    
  -1.66935468    
  -3.85960960    
  -4.67041636    
  -2.24915409    
  -3.85960960    
  -4.53219366    
  -2.84776640    
  -3.85960960    
  -4.34838533    
  -3.46772146    
  -3.85960960    
  -4.10890675    
  -4.10890675    
  -3.85960960    
  -3.80124307    
  -4.76660824    
  -3.85960960    
  -3.41106200    
  -5.42867517    
  -3.85960960    
  -2.92413950    
  -6.07204008    
  -3.85960960    
  -2.33037257    
  -6.65982485    
  -3.85960960    
  -1.63007736    
  -7.14183426    
  -3.85960960    
 -0.840782285    
  -7.46214914    
  -3.85960960    
  -0.00000000    
  -7.57491207    
  -3.85960960    
  -4.92715597    
  -0.00000000    
  -3.19416118    
  -4.91608334    
 -0.516701162    
  -3.19416118    
  -4.88233423    
  -1.03777218    
  -3.19416118    
  -4.82428837    
  -1.56750631    
  -3.19416118    
  -4.73912430    
  -2.10999417    
  -3.19416118    
  -4.62265110    
  -2.66888881    
  -3.19416118    
  -4.46908474    
  -3.24697995    
  -3.19416118    
  -4.27081251    
  -3.84545684    
  -3.19416118    
  -4.01823807    
  -4.46270609    
  -3.19416118    
  -3.69992256    
  -5.09250689    
  -3.19416118    
  -3.30335522    
  -5.72157955    
  -3.19416118    
  -2.81689835    
  -6.32685804    
  -3.19416118    
  -2.23339248    
  -6.87367582    
  -3.19416118    
  -1.55530238    
  -7.31712389    
  -3.19416118    
 -0.799751043    
  -7.60912609    
  -3.19416118    
  -0.00000000    
  -7.71138716    
  -3.19416118    
  -4.95479918    
  -0.00000000    
  -2.54044032    
  -4.94517612    
 -0.487057358    
  -2.54044032    
  -4.91589737    
 -0.977832794    
  -2.54044032    
  -4.86571026    
  -1.47599709    
  -2.54044032    
  -4.79244328    
  -1.98509526    
  -2.54044032    
  -4.69288635    
  -2.50840020    
  -2.54044032    
  -4.56262255    
  -3.04864717    
  -2.54044032    
  -4.39584494    
  -3.60757732    
  -2.54044032    
  -4.18518925    
  -4.18518925    
  -2.54044032    
  -3.92169166    
  -4.77859497    
  -2.54044032    
  -3.59506249    
  -5.38039207    
  -2.54044032    
  -3.19456029    
  -5.97660303    
  -2.54044032    
  -2.71087933    
  -6.54464149    
  -2.54044032    
  -2.13930297    
  -7.05233812    
  -2.54044032    
  -1.48385012    
  -7.45982170    
  -2.54044032    
 -0.760936439    
  -7.72591782    
  -2.54044032    
  -0.00000000    
  -7.81867170    
  -2.54044032    
  -4.97517014    
  -0.00000000    
  -1.89649212    
  -4.96671867    
 -0.460234284    
  -1.89649212    
  -4.94104433    
 -0.923641205    
  -1.89649212    
  -4.89716387    
  -1.39336312    
  -1.89649212    
  -4.83338070    
  -1.87246168    
  -1.89649212    
  -4.74719906    
  -2.36382437    
  -1.89649212    
  -4.63519859    
  -2.86999345    
  -1.89649212    
  -4.49289370    
  -3.39287615    
  -1.89649212    
  -4.31459236    
  -3.93327045    
  -1.89649212    
  -4.09329796    
  -4.49013424    
  -1.89649212    
  -3.82076883    
  -5.05951595    
  -1.89649212    
  -3.48788691    
  -5.63313198    
  -1.89649212    
  -3.08558846    
  -6.19669724    
  -1.89649212    
  -2.60662365    
  -6.72847223    
  -1.89649212    
  -2.04827261    
  -7.19893503    
  -1.89649212    
  -1.41562605    
  -7.57293367    
  -1.89649212    
 -0.724196494    
  -7.81532383    
  -1.89649212    
  -0.00000000    
  -7.89946032    
  -1.89649212    
  -4.98914766    
  -0.00000000    
  -1.26007080    
  -4.98165512    
 -0.435838372    
  -1.26007080    
  -4.95892286    
 -0.874391973    
  -1.26007080    
  -4.92016983    
  -1.31835556    
  -1.26007080    
  -4.86405277    
  -1.77037060    
  -1.26007080    
  -4.78860235    
  -2.23296237    
  -1.26007080    
  -4.69113493    
  -2.70842814    
  -1.26007080    
  -4.56814384    
  -3.19864917    
  -1.26007080    
  -4.41518354    
  -3.70477891    
  -1.26007080    
  -4.22677469    
  -4.22677469    
  -1.26007080    
  -3.99637437    
  -4.76269388    
  -1.26007080    
  -3.71651220    
  -5.30773020    
  -1.26007080    
  -3.37923026    
  -5.85299921    
  -1.26007080    
  -2.97701669    
  -6.38423347    
  -1.26007080    
  -2.50441241    
  -6.88081932    
  -1.26007080    
  -1.96029937    
  -7.31593561    
  -1.26007080    
  -1.35044968    
  -7.65878439    
  -1.26007080    
 -0.689363122    
  -7.87946224    
  -1.26007080    
  -0.00000000    
  -7.95577240    
  -1.26007080    
  -4.99731350    
  -0.00000000    
 -0.628748715    
  -4.99061441    
 -0.413534105    
 -0.628748715    
  -4.97031069    
 -0.829398096    
 -0.628748715    
  -4.93577337    
  -1.24990761    
 -0.628748715    
  -4.88592768    
  -1.67734098    
 -0.628748715    
  -4.81919956    
  -2.11389709    
 -0.628748715    
  -4.73345661    
  -2.56161857    
 -0.628748715    
  -4.62592316    
  -3.02226663    
 -0.628748715    
  -4.49309158    
  -3.49711347    
 -0.628748715    
  -4.33064032    
  -3.98663497    
 -0.628748715    
  -4.13337278    
  -4.49004030    
 -0.628748715    
  -3.89525843    
  -5.00462818    
 -0.628748715    
  -3.60962176    
  -5.52493715    
 -0.628748715    
  -3.26962352    
  -6.04173565    
 -0.628748715    
  -2.86916876    
  -6.54104757    
 -0.628748715    
  -2.40433288    
  -7.00358295    
 -0.628748715    
  -1.87525082    
  -7.40519810    
 -0.628748715    
  -1.28808379    
  -7.71906519    
 -0.628748715    
 -0.656255543    
  -7.91982555    
 -0.628748715    
  -0.00000000    
  -7.98901081    
 -0.628748715    
  -5.00000000    
  -0.00000000    
  -0.00000000    
  -4.99396229    
 -0.393033385    
  -0.00000000    
  -4.97568083    
 -0.788070440    
  -0.00000000    
  -4.94464636    
  -1.18710458    
  -0.00000000    
  -4.89998484    
  -1.59210157    
  -0.00000000    
  -4.84042597    
  -2.00497031    
  -0.00000000    
  -4.76425505    
  -2.42750931    
  -0.00000000    
  -4.66924953    
  -2.86132002    
  -0.00000000    
  -4.55261469    
  -3.30766821    
  -0.00000000    
  -4.41090918    
  -3.76727223    
  -0.00000000    
  -4.23999166    
  -4.23999166    
  -0.00000000    
  -4.03500986    
  -4.72439003    
  -0.00000000    
  -3.79047871    
  -5.21714640    
  -0.00000000    
  -3.50051880    
  -5.71232843    
  -0.00000000    
  -3.15935636    
  -6.20058727    
  -0.00000000    
  -2.76216578    
  -6.66845798    
  -0.00000000    
  -2.30631495    
  -7.09810781    
  -0.00000000    
  -1.79290509    
  -7.46798897    
  -0.00000000    
  -1.22825074    
  -7.75486851    
  -0.00000000    
 -0.624680400    
  -7.93731833    
  -0.00000000    
  -0.00000000    
  -8.00000000    
  -0.00000000    
   0.00000000    
  -0.00000000    
  -12.0000000    
  0.928011239    
  -0.00000000    
  -11.7915001    
   0.00000000    
 -0.937907636    
  -11.7915001    
   1.77658987    
  -0.00000000    
  -11.6750374    
   1.28112078    
  -1.28112078    
  -11.6750374    
   0.00000000    
  -1.84914434    
  -11.6750374    
   2.49622607    
  -0.00000000    
  -11.2902241    
   2.20404506    
  -1.27250600    
  -11.2902241    
   1.32591510    
  -2.29655266    
  -11.2902241    
   0.00000000    
  -2.71054316    
  -11.2902241    
   3.07468629    
  -0.00000000    
  -10.7870283    
   2.88981867    
  -1.19700217    
  -10.7870283    
   2.31135941    
  -2.31135941    
  -10.7870283    
   1.31279910    
  -3.16937733    
  -10.7870283    
   0.00000000    
  -3.50491810    
  -10.7870283    
   3.52508044    
  -0.00000000    
  -10.1928005    
   3.40211177    
  -1.10541308    
  -10.1928005    
   3.01390195    
  -2.18972778    
  -10.1928005    
   2.31401587    
  -3.18496966    
  -10.1928005    
   1.27841723    
  -3.93456411    
  -10.1928005    
   0.00000000    
  -4.22199678    
  -10.1928005    
   3.87059712    
  -0.00000000    
  -9.53421497    
   3.78529406    
  -1.01426649    
  -9.53421497    
   3.51638794    
  -2.03018761    
  -9.53421497    
   3.02720809    
  -3.02720809    
  -9.53421497    
   2.27114081    
  -3.93373179    
  -9.53421497    
   1.23377705    
  -4.60452032    
  -9.53421497    
   0.00000000    
  -4.85792542    
  -9.53421497    
   4.13475132    
  -0.00000000    
  -8.83468723    
   4.07332802    
 -0.929710567    
  -8.83468723    
   3.88060665    
  -1.86880171    
  -8.83468723    
   3.53133845    
  -2.81614828    
  -8.83468723    
   2.98620868    
  -3.74458742    
  -8.83468723    
   2.20537329    
  -4.57950592    
  -8.83468723    
   1.18394756    
  -5.18721199    
  -8.83468723    
   0.00000000    
  -5.41390371    
  -8.83468723    
   4.33735466    
  -0.00000000    
  -8.11312103    
   4.29162788    
 -0.853657961    
  -8.11312103    
   4.14892292    
  -1.71854019    
  -8.11312103    
   3.89233899    
  -2.60077786    
  -8.11312103    
   3.49350476    
  -3.49350476    
  -8.11312103    
   2.91581488    
  -4.36382627    
  -8.11312103    
   2.12764883    
  -5.13659859    
  -8.11312103    
   1.13186717    
  -5.69028282    
  -8.11312103    
   0.00000000    
  -5.89452744    
  -8.11312103    
   4.49375486    
  -0.00000000    
  -7.38371229    
   4.45869780    
 -0.786188841    
  -7.38371229    
   4.34983540    
  -1.58321071    
  -7.38371229    
   4.15579510    
  -2.39934945    
  -7.38371229    
   3.85688353    
  -3.23630977    
  -7.38371229    
   3.42528033    
  -4.08209085    
  -7.38371229    
   2.82893348    
  -4.89985704    
  -7.38371229    
   2.04409218    
  -5.61609936    
  -7.38371229    
   1.07941258    
  -6.12165546    
  -7.38371229    
   0.00000000    
  -6.30628586    
  -7.38371229    
   4.61538506    
  -0.00000000    
  -6.65640259    
   4.58780241    
 -0.726636589    
  -6.65640259    
   4.50253296    
  -1.46296167    
  -6.65640259    
   4.35178328    
  -2.21734428    
  -6.65640259    
   4.12189674    
  -2.99473310    
  -6.65640259    
   3.79283738    
  -3.79283738    
  -6.65640259    
   3.33889103    
  -4.59558964    
  -6.65640259    
   2.73303246    
  -5.36387968    
  -6.65640259    
   1.95843160    
  -6.02743340    
  -6.65640259    
   1.02779746    
  -6.48925686    
  -6.65640259    
   0.00000000    
  -6.65640259    
  -6.65640259    
   4.71061039    
  -0.00000000    
  -5.93761158    
   4.68841362    
 -0.674092174    
  -5.93761158    
   4.62005758    
  -1.35657144    
  -5.93761158    
   4.50008202    
  -2.05511880    
  -5.93761158    
   4.31889248    
  -2.77558374    
  -5.93761158    
   4.06219387    
  -3.51991177    
  -5.93761158    
   3.71076870    
  -4.28245544    
  -5.93761158    
   3.24165726    
  -5.04411793    
  -5.93761158    
   2.63274217    
  -5.76490259    
  -5.93761158    
   1.87300587    
  -6.37887287    
  -5.93761158    
  0.977783144    
  -6.80063534    
  -5.93761158    
   0.00000000    
  -6.95205021    
  -5.93761158    
   4.78552580    
  -0.00000000    
  -5.23102427    
   4.76730871    
 -0.627628088    
  -5.23102427    
   4.71139050    
  -1.26241326    
  -5.23102427    
   4.61385965    
  -1.91112339    
  -5.23102427    
   4.46785069    
  -2.57951474    
  -5.23102427    
   4.26308727    
  -3.27118230    
  -5.23102427    
   3.98547339    
  -3.98547339    
  -5.23102427    
   3.61718607    
  -4.71400928    
  -5.23102427    
   3.13823819    
  -5.43558884    
  -5.23102427    
   2.53103495    
  -6.11045885    
  -5.23102427    
   1.78928077    
  -6.67768908    
  -5.23102427    
  0.929818451    
  -7.06267595    
  -5.23102427    
   0.00000000    
  -7.19988775    
  -5.23102427    
   4.84457111    
  -0.00000000    
  -4.53829193    
   4.82936144    
 -0.586390674    
  -4.53829193    
   4.78280163    
  -1.17885482    
  -4.53829193    
   4.70203161    
  -1.78324544    
  -4.53829193    
   4.58204031    
  -2.40484047    
  -4.53829193    
   4.41533375    
  -3.04768491    
  -4.53829193    
   4.19155502    
  -3.71339345    
  -4.53829193    
   3.89726567    
  -4.39910412    
  -4.53829193    
   3.51632905    
  -5.09428263    
  -4.53829193    
   3.03171206    
  -5.77644396    
  -4.53829193    
   2.42983580    
  -6.40695095    
  -4.53829193    
   1.70814192    
  -6.93020630    
  -4.53829193    
  0.884127975    
  -7.28144836    
  -4.53829193    
   0.00000000    
  -7.40582037    
  -4.53829193    
   4.89099073    
  -0.00000000    
  -3.85960960    
   4.87809896    
 -0.549629748    
  -3.85960960    
   4.83872795    
  -1.10440803    
  -3.85960960    
   4.77074194    
  -1.66935468    
  -3.85960960    
   4.67041636    
  -2.24915409    
  -3.85960960    
   4.53219366    
  -2.84776640    
  -3.85960960    
   4.34838533    
  -3.46772146    
  -3.85960960    
   4.10890675    
  -4.10890675    
  -3.85960960    
   3.80124307    
  -4.76660824    
  -3.85960960    
   3.41106200    
  -5.42867517    
  -3.85960960    
   2.92413950    
  -6.07204008    
  -3.85960960    
   2.33037257    
  -6.65982485    
  -3.85960960    
   1.63007736    
  -7.14183426    
  -3.85960960    
  0.840782285    
  -7.46214914    
  -3.85960960    
   0.00000000    
  -7.57491207    
  -3.85960960    
   4.92715597    
  -0.00000000    
  -3.19416118    
   4.91608334    
 -0.516701162    
  -3.19416118    
   4.88233423    
  -1.03777218    
  -3.19416118    
   4.82428837    
  -1.56750631    
  -3.19416118    
   4.73912430    
  -2.10999417    
  -3.19416118    
   4.62265110    
  -2.66888881    
  -3.19416118    
   4.46908474    
  -3.24697995    
  -3.19416118    
   4.27081251    
  -3.84545684    
  -3.19416118    
   4.01823807    
  -4.46270609    
  -3.19416118    
   3.69992256    
  -5.09250689    
  -3.19416118    
   3.30335522    
  -5.72157955    
  -3.19416118    
   2.81689835    
  -6.32685804    
  -3.19416118    
   2.23339248    
  -6.87367582    
  -3.19416118    
   1.55530238    
  -7.31712389    
  -3.19416118    
  0.799751043    
  -7.60912609    
  -3.19416118    
   0.00000000    
  -7.71138716    
  -3.19416118    
   4.95479918    
  -0.00000000    
  -2.54044032    
   4.94517612    
 -0.487057358    
  -2.54044032    
   4.91589737    
 -0.977832794    
  -2.54044032    
   4.86571026    
  -1.47599709    
  -2.54044032    
   4.79244328    
  -1.98509526    
  -2.54044032    
   4.69288635    
  -2.50840020    
  -2.54044032    
   4.56262255    
  -3.04864717    
  -2.54044032    
   4.39584494    
  -3.60757732    
  -2.54044032    
   4.18518925    
  -4.18518925    
  -2.54044032    
   3.92169166    
  -4.77859497    
  -2.54044032    
   3.59506249    
  -5.38039207    
  -2.54044032    
   3.19456029    
  -5.97660303    
  -2.54044032    
   2.71087933    
  -6.54464149    
  -2.54044032    
   2.13930297    
  -7.05233812    
  -2.54044032    
   1.48385012    
  -7.45982170    
  -2.54044032    
  0.760936439    
  -7.72591782    
  -2.54044032    
   0.00000000    
  -7.81867170    
  -2.54044032    
   4.97517014    
  -0.00000000    
  -1.89649212    
   4.96671867    
 -0.460234284    
  -1.89649212    
   4.94104433    
 -0.923641205    
  -1.89649212    
   4.89716387    
  -1.39336312    
  -1.89649212    
   4.83338070    
  -1.87246168    
  -1.89649212    
   4.74719906    
  -2.36382437    
  -1.89649212    
   4.63519859    
  -2.86999345    
  -1.89649212    
   4.49289370    
  -3.39287615    
  -1.89649212    
   4.31459236    
  -3.93327045    
  -1.89649212    
   4.09329796    
  -4.49013424    
  -1.89649212    
   3.82076883    
  -5.05951595    
  -1.89649212    
   3.48788691    
  -5.63313198    
  -1.89649212    
   3.08558846    
  -6.19669724    
  -1.89649212    
   2.60662365    
  -6.72847223    
  -1.89649212    
   2.04827261    
  -7.19893503    
  -1.89649212    
   1.41562605    
  -7.57293367    
  -1.89649212    
  0.724196494    
  -7.81532383    
  -1.89649212    
   0.00000000    
  -7.89946032    
  -1.89649212    
   4.98914766    
  -0.00000000    
  -1.26007080    
   4.98165512    
 -0.435838372    
  -1.26007080    
   4.95892286    
 -0.874391973    
  -1.26007080    
   4.92016983    
  -1.31835556    
  -1.26007080    
   4.86405277    
  -1.77037060    
  -1.26007080    
   4.78860235    
  -2.23296237    
  -1.26007080    
   4.69113493    
  -2.70842814    
  -1.26007080    
   4.56814384    
  -3.19864917    
  -1.26007080    
   4.41518354    
  -3.70477891    
  -1.26007080    
   4.22677469    
  -4.22677469    
  -1.26007080    
   3.99637437    
  -4.76269388    
  -1.26007080    
   3.71651220    
  -5.30773020    
  -1.26007080    
   3.37923026    
  -5.85299921    
  -1.26007080    
   2.97701669    
  -6.38423347    
  -1.26007080    
   2.50441241    
  -6.88081932    
  -1.26007080    
   1.96029937    
  -7.31593561    
  -1.26007080    
   1.35044968    
  -7.65878439    
  -1.26007080    
  0.689363122    
  -7.87946224    
  -1.26007080    
   0.00000000    
  -7.95577240    
  -1.26007080    
   4.99731350    
  -0.00000000    
 -0.628748715    
   4.99061441    
 -0.413534105    
 -0.628748715    
   4.97031069    
 -0.829398096    
 -0.628748715    
   4.93577337    
  -1.24990761    
 -0.628748715    
   4.88592768    
  -1.67734098    
 -0.628748715    
   4.81919956    
  -2.11389709    
 -0.628748715    
   4.73345661    
  -2.56161857    
 -0.628748715    
   4.62592316    
  -3.02226663    
 -0.628748715    
   4.49309158    
  -3.49711347    
 -0.628748715    
   4.33064032    
  -3.98663497    
 -0.628748715    
   4.13337278    
  -4.49004030    
 -0.628748715    
   3.89525843    
  -5.00462818    
 -0.628748715    
   3.60962176    
  -5.52493715    
 -0.628748715    
   3.26962352    
  -6.04173565    
 -0.628748715    
   2.86916876    
  -6.54104757    
 -0.628748715    
   2.40433288    
  -7.00358295    
 -0.628748715    
   1.87525082    
  -7.40519810    
 -0.628748715    
   1.28808379    
  -7.71906519    
 -0.628748715    
  0.656255543    
  -7.91982555    
 -0.628748715    
   0.00000000    
  -7.98901081    
 -0.628748715    
   5.00000000    
  -0.00000000    
  -0.00000000    
   4.99396229    
 -0.393033385    
  -0.00000000    
   4.97568083    
 -0.788070440    
  -0.00000000    
   4.94464636    
  -1.18710458    
  -0.00000000    
   4.89998484    
  -1.59210157    
  -0.00000000    
   4.84042597    
  -2.00497031    
  -0.00000000    
   4.76425505    
  -2.42750931    
  -0.00000000    
   4.66924953    
  -2.86132002    
  -0.00000000    
   4.55261469    
  -3.30766821    
  -0.00000000    
   4.41090918    
  -3.76727223    
  -0.00000000    
   4.23999166    
  -4.23999166    
  -0.00000000    
   4.03500986    
  -4.72439003    
  -0.00000000    
   3.79047871    
  -5.21714640    
  -0.00000000    
   3.50051880    
  -5.71232843    
  -0.00000000    
   3.15935636    
  -6.20058727    
  -0.00000000    
   2.76216578    
  -6.66845798    
  -0.00000000    
   2.30631495    
  -7.09810781    
  -0.00000000    
   1.79290509    
  -7.46798897    
  -0.00000000    
   1.22825074    
  -7.75486851    
  -0.00000000    
  0.624680400    
  -7.93731833    
  -0.00000000    
   0.00000000    
  -8.00000000    
  -0.00000000    
